1.585039 339.9383 0.4112391
1.617309 2587.174 0.0002356508
1.777254 1187.057 0.1392748
1.794707 886.3957 0.4934227
1.7975 1760.355 0.0002356508
1.88036 1049.139 0.4283917
1.92316 666.7409 0.3715501
2.001633 2334.567 0.1639701
2.036583 296.518 0.6776778
2.036583 330.4448 0.6551499
2.036583 348.7315 0.6802161
2.036583 368.1371 0.575144
2.036583 377.3678 0.6790542
2.036583 391.7253 0.6411217
2.076567 1700.588 0.6200762
2.088406 1330.167 0.6730562
2.089549 913.1357 0.4086002
2.13543 1182.025 0.3184425
2.136543 1422.522 0.09191668
2.141348 1415.459 0.4642222
2.183803 2311.354 0.4277484
2.282854 1601.202 0.2805653
2.306456 2431.466 0.4560484
2.314271 1340.287 0.7438012
2.345581 622.8019 0.2044356
2.347924 877.1527 0.4841074
2.378306 1343.915 0.455334
2.39532 1504.813 0.4456779
2.468615 950.7586 0.3246867
2.484509 1361.235 0.7821357
2.498975 1675.963 0.1290429
2.578974 2743.049 0.1220076
2.58997 405.1172 0.448088
2.689086 1486.235 0.1733542
2.691805 280.1403 0.6222442
2.705279 1550.7 0.320628
2.709161 823.6525 0.4835265
2.730177 2543.816 0.2085072
2.759896 1839.866 0.1846884
2.762595 330.6147 0.2886988
2.782512 1604.755 0.3250386
2.795627 855.9189 0.573648
2.795886 1568.17 0.2244844
2.808084 516.6366 0.3690601
2.82414 756.3606 0.6565265
2.833552 264.5061 0.5288383
2.839711 303.5126 0.5262712
2.860768 2123.48 0.1908985
2.906593 505.2127 0.4827498
2.913701 143.4909 0.7186938
2.915712 90.80055 0.5283467
2.920723 194.7599 0.6449274
2.920827 124.6332 0.4187114
2.944709 246.6453 0.5719831
2.960542 452.1751 0.4263952
2.983202 2302.671 0.3423112
3.011846 291.0029 0.5984373
3.04916 336.3266 0.4503152
3.055164 597.761 0.3737004
3.059469 1118.279 0.4819893
3.061267 669.4808 0.703215
3.080078 266.5378 0.699883
3.134423 329.2036 0.4702325
3.147401 672.5676 0.07297716
3.179497 1278.772 0.2091421
3.186617 2561.262 0.4581731
3.1926 189.5247 0.6279645
3.197106 1556.047 0.3270233
3.197439 255.2621 0.5990929
3.203427 250.3712 0.5253021
3.218357 2306.734 0.3858413
3.222393 1413.884 0.311622
3.224559 1463.703 0.393933
3.276034 2215.389 0.4179248
3.294497 2357.084 0.5157032
3.315331 1544.709 0.2727072
3.316173 724.745 0.2383096
3.35461 290.96 0.5078223
3.369318 478.6755 0.4396492
3.37402 1444.044 0.7092201
3.380882 1809.749 0.4151584
3.402098 167.921 0.7282361
3.421255 1914.201 0.005984619
3.440258 2526.987 0.3620511
3.507832 240.5211 0.671355
3.511151 709.6609 0.2036859
3.530605 335.2873 0.4718796
3.590738 2381.912 0.2821435
3.596775 295.3745 0.6205451
3.600972 1826.976 0.0002356508
3.601097 282.8731 0.4427403
3.606101 312.919 0.3882595
3.616636 1325.511 0.5270251
3.625869 1649.712 0.5228899
3.628385 375.4743 0.3771467
3.652619 1265.874 0.2986519
3.690406 255.0254 0.3543132
3.720932 407.8581 0.3349181
3.72409 692.5678 0.4905374
3.755134 1942.993 0.05538023
3.760198 221.82 0.5016186
3.765192 210.8827 0.1442289
3.769294 1993.946 0.3667
3.780711 1424.849 0.6413886
3.798052 1183.863 0.4638768
3.836455 1445.244 0.3272172
3.840035 148.428 0.682709
3.860577 1969.495 0.3740778
3.862782 461.3089 0.4459276
3.871625 366.0456 0.4801858
3.879801 965.326 0.5382627
3.882545 1324.339 0.3708877
3.885644 2382.922 0.4454675
3.890539 1069.876 0.2025541
3.897466 1690.311 0.2174785
3.92397 362.7146 0.7635622
3.962118 435.1262 0.5729771
3.967878 170.1872 0.6333122
3.972163 291.4457 0.6140293
4.060841 304.908 0.5728292
4.066071 2091.399 0.3276894
4.075008 2254.965 0.4962767
4.090648 1884.23 0.1220656
4.09719 840.1809 0.5362542
4.208937 2229.79 0.3435309
4.240624 432.4283 0.7584206
4.271697 1497.429 0.0002356508
4.27323 1324.589 0.1048852
4.308527 204.9078 0.2692722
4.344295 2219.556 0.0002356508
4.351606 849.9827 0.4379242
4.368288 559.7823 0.02778263
4.390303 453.795 0.4759048
4.391146 61.67329 0.7132779
4.399114 61.67329 0.7170105
4.415567 206.8315 0.3740464
4.418761 1559.182 0.4955991
4.421556 61.67329 0.7133189
4.422648 1070.911 0.3109123
4.423069 147.6954 0.661421
4.42517 1088.452 0.0289764
4.43449 895.7228 0.3452648
4.445001 1282.965 0.1462077
4.459734 949.3972 0.2778188
4.47227 61.67329 0.723699
4.532011 1694.732 0.1685322
4.537137 149.4876 0.5664913
4.552299 61.67329 0.7163626
4.561538 129.224 0.3250632
4.589867 310.3892 0.5702244
4.599159 61.67329 0.7238076
4.622046 1071.142 0.2023534
4.6249 1384.48 0.1434826
4.634392 1930.699 0.1758825
4.669706 2024.66 0.02429801
4.678854 2596.926 0.3940618
4.705265 706.9083 0.5215199
4.74964 1137.699 0.02671551
4.765251 1701.264 0.2726379
4.771466 402.1148 0.2837384
4.785368 893.7292 0.4037344
4.82407 1984.528 0.2263093
4.843261 2031.591 0.1143623
4.860825 1538.328 0.3361671
4.877223 1725.111 0.2477356
4.920584 765.7036 0.1226393
4.940066 2484.021 0.1840957
4.968628 172.9932 0.4273283
4.969869 1208.831 0.0002356508
5.04636 1024.033 0.003765974
5.083293 2113.628 0.07926075
5.084531 2190.354 0.07624075
5.092039 720.9563 0.5824064
5.096027 622.3474 0.4065871
5.121928 2075.747 0.1197004
5.146593 146.6822 0.5723861
5.172964 1742.077 0.1692592
5.203837 2198.496 0.4472481
5.218075 317.0763 0.01540433
5.251254 1438.083 0.4002692
5.324769 567.8422 0.4730046
5.32957 2107.675 0.01030496
5.367137 185.9502 0.2528606
5.429799 1760.98 0.1922724
5.44742 2506.48 0.0042951
5.45917 949.0287 0.0002356508
5.558365 1804.067 0.5505907
5.634926 807.1921 0.0002356508
5.674446 818.0669 0.1295939
5.68548 113.5343 0.6596678
5.692423 1136.892 0.3127251
5.781263 1801.017 0.3812287
5.825844 608.7521 0.5012762
5.90427 461.6822 0.5210751
5.936166 1007.135 0.4175036
5.95407 1178.235 0.0002356508
5.954563 1261.867 0.0002356508
5.966851 114.1021 0.4052533
6.000933 446.4634 0.1494993
6.023907 147.5986 0.4795453
6.064226 1178.705 0.3208784
6.104558 1049.05 0.3317771
6.144264 56.79647 0.5169191
6.150446 132.8035 0.1085593
6.350582 1525.738 0.09315819
6.351722 147.1867 0.4583802
6.41255 834.1456 0.01826191
6.552115 330.5812 0.4820128
6.570597 190.8934 0.5395345
6.651395 541.5497 0.2764583
6.729985 290.3465 0.2098996
6.777801 589.4613 0.1693827
6.77884 2094.592 0.1704018
6.803567 1371 0.5984693
6.83758 954.6119 0.05114989
6.85554 224.5262 0.5490582
6.941636 350.8389 0.4492936
6.950521 560.0368 0.4048719
7.089446 328.2584 0.4341284
7.094256 1984.545 0.0002356508
7.125116 872.581 0.5940023
7.242975 359.999 0.4233651
7.361027 315.5019 0.05762369
7.383379 168.8597 0.393148
7.538662 806.5693 0.0002356508
7.555766 247.8161 0.3469191
7.578038 185.8523 0.2355016
7.578038 188.7858 0.1760208
7.578038 197.7653 0.2106627
7.578038 213.3617 0.2381984
7.578038 249.8197 0.1414451
7.578038 310.5167 0.07788716
7.632433 660.596 0.02415389
7.691498 457.1698 0.1382833
7.703574 182.106 0.01945046
7.737365 413.6597 0.3039506
8.174558 1862.99 0.02875669
8.292163 601.6641 0.4605401
8.38051 1328.74 0.4319682
8.536221 327.3925 0.5122123
8.815743 874.8525 0.06437993
8.87758 369.3598 0.2417089
9.363283 285.4823 0.3699593
9.810914 870.937 0.0002356508
9.854651 680.3692 0.2526799
10.64094 385.8662 0.3472693
10.7238 181.7512 0.06327859
11.9589 186.2232 0.3502084
12.07988 316.3067 0.0002356508
12.72329 548.7608 0.0002356508
# initCovFnParam= 3.6133611993478 288.111362813434 1.00566805629513 4
