1.36259 1808.5 0.4866724
1.396885 611.333 0.5385322
1.518542 1366.22 0.4165292
1.744541 356.9327 0.3481585
1.768408 1717.1 0.06712691
1.779514 571.691 0.1870458
1.861812 517.7795 0.5121477
1.923798 637.2514 0.4789778
1.932287 1242.397 0.7634462
1.980244 649.6332 0.1619038
2.020373 929.9093 0.1403346
2.040361 265.2617 0.6461111
2.040361 315.5199 0.6447887
2.040361 341.805 0.648639
2.040361 378.303 0.6046355
2.040361 387.3596 0.643909
2.040361 402.6461 0.6214405
2.04387 2442.912 0.3756149
2.049392 352.1174 0.2981292
2.087822 1153.588 0.6929259
2.113235 1728.905 0.6107799
2.132519 2308.634 0.05592721
2.137815 1305.989 0.7258241
2.179713 1697.03 0.5667606
2.190835 2545.815 0.0001178254
2.21081 2415.574 0.4416687
2.214748 2251.813 0.2136017
2.216947 1986.226 0.1231396
2.234046 1060.557 0.2730918
2.245318 2363.826 0.1349993
2.260942 2344.341 0.1233041
2.309892 2487.669 0.0001178254
2.339642 1077.627 0.639799
2.339767 378.8604 0.5827246
2.364834 1727.008 0.2942503
2.387404 142.9943 0.5799804
2.44552 1000.999 0.5304794
2.452903 1206.483 0.1523288
2.486155 1629.67 0.04549196
2.50503 613.5749 0.1058197
2.535556 1323.828 0.3176791
2.567587 282.6911 0.6725132
2.585738 1482.012 0.411165
2.599429 2003.724 0.3229038
2.613224 1172.04 0.7979103
2.624231 1056.727 0.1230599
2.634367 1628.335 0.5408885
2.666857 1484.214 0.5704343
2.683449 2381.044 0.002119098
2.706402 1407.674 0.5795051
2.713864 307.1734 0.1308236
2.76383 229.3145 0.7148352
2.798786 167.3802 0.362456
2.817949 367.8363 0.5689131
2.841767 167.6395 0.6641461
2.91905 402.906 0.435103
2.925052 344.9188 0.4597884
2.941212 250.7169 0.6190577
2.985074 1397.008 0.6823462
2.989816 1838.363 0.4838826
3.018937 1892.269 0.4869955
3.030842 902.8632 0.5616568
3.038803 2668.987 0.5364073
3.04268 1431.454 0.06887253
3.080279 269.3667 0.7521233
3.110874 186.0158 0.3745226
3.115939 249.2829 0.6458682
3.137493 2852.558 0.0976624
3.175018 191.4385 0.3364048
3.18964 1162.37 0.08986119
3.211774 967.922 0.07028326
3.228095 276.2809 0.4627489
3.25913 190.8361 0.5120161
3.259838 1224.445 0.322955
3.272548 384.8325 0.450532
3.282917 444.3543 0.4025181
3.284169 59.50995 0.4729088
3.301505 646.5655 0.6491218
3.301764 176.6972 0.4989984
3.334274 419.8966 0.4636197
3.348743 2363.785 0.1040938
3.357052 274.5096 0.6313298
3.358162 1874.695 0.5231274
3.361888 293.9346 0.6394318
3.425263 724.3231 0.7004356
3.458156 1481.043 0.1429187
3.458361 480.5468 0.4338358
3.47649 255.029 0.5941038
3.487429 407.6467 0.5288755
3.509373 1304.951 0.07622153
3.525054 218.5138 0.7141723
3.534265 1293.798 0.2746603
3.559808 410.7555 0.3648018
3.560113 494.7893 0.332569
3.578178 2202.627 0.1274172
3.578891 258.473 0.5592187
3.601064 693.1579 0.7136703
3.609649 590.0005 0.2954505
3.642906 457.1148 0.2954134
3.644648 337.3541 0.3918321
3.666298 522.0307 0.4138834
3.676008 1576.558 0.3594901
3.686703 470.6126 0.3058671
3.710855 263.2856 0.4935409
3.732605 1856.617 0.404489
3.736728 958.9738 0.3326378
3.737679 270.4177 0.382199
3.747124 852.4311 0.04155858
3.750794 1622.135 0.04383313
3.761684 701.4984 0.720004
3.790416 782.6479 0.3590207
3.818187 2261.826 0.6671478
3.829725 538.5425 0.7030272
3.846908 955.0511 0.6389731
3.861863 1654.674 0.7628145
3.887705 156.9196 0.6532606
3.893712 102.7502 0.7427301
3.94384 256.3188 0.4636834
3.999416 554.9281 0.05298714
4.004435 395.4028 0.2849905
4.007645 75.71729 0.3840941
4.021364 143.0662 0.608157
4.043888 99.07656 0.7490926
4.075261 1548.776 0.1631712
4.105789 615.5387 0.2799648
4.108786 1246.324 0.2057545
4.122484 349.1068 0.3826358
4.126524 98.1289 0.7506031
4.16571 95.33141 0.7502029
4.186799 142.6382 0.49083
4.253903 2383.217 0.5792153
4.269083 1504.658 0.4640548
4.270133 751.2268 0.5743706
4.272203 100.5047 0.7494542
4.290672 1330.627 0.5388902
4.293148 1117.495 0.4149789
4.368061 158.0424 0.3054433
4.368785 1867.491 0.4289674
4.377593 150.21 0.637961
4.419252 1615.731 0.0001178254
4.461848 82.39915 0.7530808
4.471284 61.96488 0.7169778
4.499152 168.4117 0.4291568
4.519506 111.8311 0.747407
4.552178 61.96488 0.7119022
4.6002 1635.688 0.02377854
4.612647 725.4908 0.1511461
4.616167 2396.178 0.09316876
4.639109 114.135 0.5731784
4.639645 368.1412 0.3467248
4.680047 61.96488 0.7306317
4.697551 61.96488 0.722515
4.701202 61.96488 0.7256656
4.714796 785.0843 0.4071458
4.748164 1072.898 0.4442995
4.80047 994.7019 0.5250223
4.844294 458.4145 0.4898926
4.853709 61.96488 0.7165193
4.971236 1278.565 0.3667435
5.019423 390.1024 0.4961634
5.10261 1840.112 0.3174109
5.149948 1770.827 0.2163084
5.17677 414.3697 0.2629216
5.189109 582.0899 0.3796198
5.211218 1146.33 0.02319441
5.480263 1375.843 0.4720252
5.494751 0.7718202 0.8585009
5.49707 752.4984 0.1430918
5.502254 0.7718202 0.8862987
5.525256 1008.254 0.04065722
5.54767 1197.849 0.7042549
5.597071 889.6038 0.1710281
5.620158 1864.846 0.1698128
5.667241 1341.838 0.5118184
5.668378 245.7868 0.4888331
5.794362 788.7404 0.1840276
5.857731 332.6377 0.561394
5.895419 1065.791 0.1997812
5.979867 227.4096 0.379627
5.984215 1077.269 0.1314939
6.008744 1430.331 0.0001178254
6.081616 267.0161 0.1928473
6.101853 285.1176 0.6670179
6.103796 2303.744 0.0001178254
6.127083 205.6915 0.3628031
6.190689 2194.551 0.1154151
6.236362 788.7588 0.6665802
6.310212 1344.667 0.4544665
6.346428 1018.476 0.08870487
6.371648 2248.264 0.1305743
6.373166 702.6241 0.3013648
6.380324 695.7519 0.1254915
6.381072 289.612 0.328075
6.54509 645.4667 0.004379356
6.588775 1510.643 0.0627195
6.632453 163.6086 0.01886302
6.709771 598.2228 0.4892119
6.713789 1754.431 0.06530475
6.740278 117.1077 0.6229497
6.747853 167.8073 0.6438485
6.753003 624.7003 0.14669
6.766348 2166.516 0.1861826
6.847391 189.4707 0.27384
6.891436 797.2711 0.1277408
6.926734 1438.117 0.0001178254
6.941629 1947.241 0.2252549
6.96125 1315.239 0.05359261
6.99359 1530.68 0.05571636
7.023197 391.6094 0.007094336
7.03379 907.3847 0.1346788
7.06093 1842.854 0.2243196
7.144081 487.5832 0.2811501
7.170434 1330 0.140224
7.25919 724.4012 0.2180836
7.284669 1546.502 0.02645973
7.390875 1017.336 0.06318913
7.439974 1949.885 0.100417
7.451834 236.7307 0.07809362
7.451834 238.9255 0.1402567
7.451834 251.5459 0.08470016
7.451834 259.3182 0.1286109
7.451834 320.8792 0.03126982
7.451834 356.1958 0.05930387
7.476519 1321.612 0.005603924
7.540655 418.7573 0.383644
7.610649 378.0274 0.3696368
7.651705 153.6246 0.3096097
7.656845 534.2623 0.4778439
7.675683 562.9893 0.0001178254
7.692607 320.9946 0.2537584
7.713013 463.2971 0.009663454
7.822407 284.6199 0.1246127
8.130795 1709.137 0.2151551
8.172913 1122.083 0.2393746
8.317546 583.0315 0.1564654
8.337987 678.4554 0.03082371
8.523857 381.0632 0.0001178254
8.595717 169.2206 0.3996777
8.982313 776.8775 0.1490134
9.057173 722.8779 0.254045
9.08255 621.1809 0.2005497
9.132082 384.2108 0.1072815
9.412475 220.7717 0.0001178254
9.418114 1179.028 0.0001178254
9.508573 805.7204 0.378533
9.932775 152.55 0.2382458
10.13093 724.8895 0.0001178254
10.14074 715.6346 0.2299471
11.82604 669.8936 0.07750046
12.04396 145.2292 0.4135989
# initCovFnParam= 3.66046768382226 308.550165781384 2.34004499392561 4
