## Wed Jun  2 18:21:54 2021; Sample: 1; # of loci: 1; NrunsPerPoint=30;
## pointmin=1  pointmax=100 out of PointNumber=100
0.3224967 914.6544 0.2521681 555.34741 555.34741 
1.121498 708.0302 0.2725094 504.00223 504.00223 
1.37842 878.1868 0.03088738 500.68826 500.68826 
1.473146 1191.899 0.3590637 497.27921 497.27921 
2.035 446.5754 0.7622482 493.61688 493.61688 
2.098118 552.2743 0.2980351 493.93088 493.93088 
2.098118 555.1509 0.2968889 493.88382 493.88382 
2.098118 555.6361 0.307856 493.69412 493.69412 
2.098118 563.8361 0.3040874 493.75531 493.75531 
2.098118 565.281 0.3073132 493.7587 493.7587 
2.098118 565.281 0.3073132 493.77002 493.77002 
2.098118 590.6381 0.3080662 493.61258 493.61258 
2.109806 281.7185 0.6617567 493.12601 493.12601 
2.18554 597.5842 0.265932 493.51889 493.51889 
2.336465 696.7267 0.3938742 492.34842 492.34842 
2.350965 403.7641 0.6244733 492.24667 492.24667 
2.375217 320.0196 0.6981912 492.25113 492.25113 
2.43441 336.0039 0.4896483 492.58588 492.58588 
2.434932 514.6728 0.3050763 492.85129 492.85129 
2.527878 799.8946 0.04521602 493.24246 493.24246 
2.54558 268.7791 0.7899782 492.27234 492.27234 
2.54558 268.7791 0.7899782 492.06836 492.06836 
2.552849 710.9501 0.5740371 492.07877 492.07877 
2.566625 530.4815 0.2550454 492.5564 492.5564 
2.595077 277.752 0.8274173 492.51981 492.51981 
2.597299 181.6963 0.568927 492.37354 492.37354 
2.597384 530.4815 0.3141675 492.30386 492.30386 
2.649655 530.4815 0.283041 492.29669 492.29669 
2.675968 313.1021 0.7380119 492.03873 492.03873 
2.693738 361.7563 0.7770026 492.47226 492.47226 
2.698092 375.7484 0.400053 491.9805 491.9805 
2.699589 519.8871 0.3739141 491.93192 491.93192 
2.699589 519.8871 0.3739141 491.88272 491.88272 
2.726454 296.4991 0.7608929 492.13272 492.13272 
2.7947 413.2245 0.6994204 492.00204 492.00204 
2.805854 226.4052 0.7685222 491.69858 491.69858 
2.845304 675.1616 0.3425373 491.75543 491.75543 
2.873147 530.4815 0.2445406 492.04016 492.04016 
2.896721 654.411 0.4035414 491.63251 491.63251 
2.925267 485.7729 0.7157079 492.46045 492.46045 
2.946605 530.941 0.7477767 492.65417 492.65417 
2.957468 530.4815 0.3074857 491.77332 491.77332 
2.968546 1069.283 0.1442045 491.71548 491.71548 
2.968546 1069.283 0.1442045 491.82715 491.82715 
2.982152 652.1094 0.6115907 492.05606 492.05606 
2.997394 575.9496 0.6554998 492.31528 492.31528 
3.013763 412.2997 0.6286911 491.56485 491.56485 
3.035204 170.3232 0.8550231 491.92432 491.92432 
3.087817 233.7783 0.7294851 491.50391 491.50391 
3.122258 582.5055 0.6534095 492.14795 492.14795 
3.171398 728.5219 0.473419 491.82355 491.82355 
3.172139 166.3753 0.7602781 491.49783 491.49783 
3.197179 530.4815 0.2801163 491.66003 491.66003 
3.25276 407.6712 0.2539548 491.96198 491.96198 
3.25276 407.6712 0.2539548 491.90552 491.90552 
3.291701 309.09 0.7507307 492.02142 492.02142 
3.438137 236.9072 0.7477791 491.76016 491.76016 
3.543721 215.51 0.7693181 491.73831 491.73831 
3.564198 155.6825 0.5893197 491.6651 491.6651 
3.675691 938.423 0.2413063 491.55835 491.55835 
3.832965 3.959076 0.6726175 541.48376 541.48376 
3.922588 182.016 0.4899211 491.69385 491.69385 
4.146949 354.1679 0.7350531 492.86121 492.86121 
4.191707 709.1917 0.4016881 492.32861 492.32861 
4.267248 476.7126 0.07934141 492.09082 492.09082 
4.267248 476.7126 0.07934141 491.92172 491.92172 
4.385949 411.6921 0.6161141 492.91107 492.91107 
4.574049 823.2673 0.1031317 492.04178 492.04178 
4.574049 824.572 0.08792402 492.08932 492.08932 
4.574049 827.4032 0.08714645 492.06842 492.06842 
4.574049 829.3042 0.1116246 492.21674 492.21674 
4.574049 859.4043 0.09974888 491.96765 491.96765 
4.574049 863.6082 0.1138843 492.18094 492.18094 
4.65781 0.9433086 0.6478438 559.65283 559.65283 
4.827365 332.0816 0.2088995 491.96445 491.96445 
4.92392 138.4021 0.5714275 491.90979 491.90979 
4.92392 138.4021 0.5714275 491.97012 491.97012 
4.98184 856.6159 0.06858476 492.10913 492.10913 
4.99348 304.4178 0.4981158 492.44186 492.44186 
5.045487 893.1754 0.2173146 492.9328 492.9328 
5.073775 834.2081 0.09081726 492.46271 492.46271 
5.10115 708.3398 0.09621858 492.3197 492.3197 
5.168154 725.8016 0.203913 492.7644 492.7644 
5.32285 633.2143 0.3147675 493.04584 493.04584 
5.343835 202.9607 0.4768423 492.46619 492.46619 
5.425565 534.3151 0.38563 493.39581 493.39581 
5.468877 1357.129 0.2549449 494.39627 494.39627 
5.468877 1357.129 0.2549449 494.4201 494.4201 
5.691974 551.47 0.1951299 492.79251 492.79251 
5.807528 237.5864 0.3277083 492.35806 492.35806 
5.899107 291.4758 0.5959414 494.01959 494.01959 
5.938835 5.54052 0.3797729 525.88843 525.88843 
6.231063 458.3972 0.08115495 492.55511 492.55511 
6.248572 384.7813 0.05695384 492.34131 492.34131 
6.369592 416.2994 0.2019902 493.00882 493.00882 
6.761051 415.8948 0.430256 494.75433 494.75433 
6.853259 586.9108 0.2513501 494.47797 494.47797 
7.013294 398.3364 0.01531529 492.90271 492.90271 
7.013294 398.3364 0.01531529 492.95566 492.95566 
7.248958 66.99593 0.3672911 494.63547 494.63547 
7.259141 664.8028 0.1170868 494.37659 494.37659 
7.274399 433.6631 0.1584847 493.44461 493.44461 
7.923217 744.2003 0.0005324535 494.35965 494.35965 
8.385736 140.6885 0.4121358 493.88266 493.88266 
8.465529 140.6885 0.4050702 493.7594 493.7594 
8.472253 140.6885 0.4146385 493.87555 493.87555 
8.482019 140.6885 0.4115249 494.15689 494.15689 
8.696534 140.6885 0.4022105 493.94614 493.94614 
8.873308 140.6885 0.3845037 494.10242 494.10242 
8.873308 140.6885 0.3845037 494.11508 494.11508 
