1.52436 1866.812 0.4285745
1.562979 2748.681 0.1137726
1.592606 1941.233 0.9966042
1.606938 2395.808 0.6171934
1.74608 717.694 0.6731013
1.794596 514.6744 0.5419895
1.869185 3115.568 0.9966042
1.881669 1815.287 0.6070825
1.923298 1397.398 0.9122857
1.95497 1825.477 0.2004632
1.959893 793.4517 0.742837
1.962589 2906.556 0.9966042
1.966363 3280.063 0.2389996
1.990586 2705.493 0.155008
1.993371 219.0396 0.7407245
1.993371 356.4293 0.6253328
1.993371 375.6617 0.6096356
1.993371 386.43 0.6606204
1.993371 395.8231 0.6314888
1.993371 422.0127 0.5725306
2.009932 624.7475 0.8102748
2.022021 586.2061 0.7938449
2.069464 353.8125 0.7859598
2.155328 3685.216 0.5250512
2.174293 965.5746 0.8075388
2.183323 212.4831 0.775077
2.199719 3268.337 0.9966042
2.207467 303.1743 0.736555
2.216607 1855.697 0.3175341
2.245797 2102.535 0.4937689
2.325328 904.8257 0.6617482
2.353803 2594.904 0.1668365
2.363725 85.25627 0.6760855
2.383136 2580.826 0.2375837
2.384427 1952.671 0.5276716
2.417323 1604.622 0.511273
2.435861 2079.155 0.4784008
2.441987 2401.872 0.3824871
2.447076 2149.494 0.8139871
2.450135 136.149 0.5224767
2.473806 3025.038 0.4719571
2.505806 768.5628 0.4490182
2.526354 2535.469 0.5465394
2.530722 137.525 0.7048952
2.536505 3242.134 0.1502559
2.539258 1764.69 0.3529052
2.554406 3212.042 0.6265067
2.567745 1453.795 0.4350263
2.580365 2932.035 0.4638659
2.588227 2714.633 0.2827765
2.596587 2617.255 0.3829739
2.623207 245.6382 0.657322
2.645726 139.8794 0.703768
2.655672 263.4811 0.6245448
2.664816 1838.564 0.3068521
2.67585 182.9401 0.7690084
2.701778 1577.669 0.1641575
2.734516 1666.542 0.2298536
2.736381 1190.898 0.3933824
2.743802 2823.128 0.05732014
2.774523 428.8148 0.57266
2.789965 3078.355 0.5709035
2.830007 783.5706 0.4143642
2.874108 2183.49 0.4961653
2.884904 3099.815 0.501026
2.903188 584.8839 0.3612103
2.910168 971.7896 0.541299
2.931433 1512.495 0.9966042
2.952157 156.3672 0.6480332
2.965419 140.524 0.7078704
2.977912 1993.584 0.4050832
3.057402 2107.432 0.2598226
3.062406 429.4004 0.8789331
3.07571 221.32 0.5623858
3.081639 3364.351 0.522701
3.122839 503.0827 0.3429947
3.141365 140.9557 0.7372359
3.149547 853.8986 0.7034654
3.184728 453.4639 0.3674719
3.201426 376.9592 0.41728
3.216629 3530.343 0.0342204
3.218855 539.1045 0.3090232
3.24195 2364.757 0.379162
3.264334 2908.505 0.00289491
3.266625 516.3926 0.4601007
3.268409 3288.457 0.2716841
3.269731 220.8645 0.735636
3.27357 512.6418 0.7992209
3.277307 271.0176 0.5089218
3.318461 1657.429 0.3252078
3.319018 2353.361 0.5357493
3.357797 3001.566 0.5679479
3.373769 2522.876 0.7855896
3.412268 2839.29 0.9323333
3.412704 1151.014 0.3697206
3.423207 1844.082 0.4815759
3.425375 210.4678 0.7450068
3.431017 984.4097 0.5514918
3.435567 1142.113 0.1823054
3.438299 804.0938 0.3515843
3.438365 2793.09 0.2173152
3.447793 200.6935 0.6388956
3.499281 336.8235 0.6040215
3.534163 1370.752 0.105458
3.544202 2099.577 0.4958776
3.546553 942.4463 0.4030649
3.553219 165.3909 0.6871706
3.586863 2128.705 0.2801386
3.620173 144.3666 0.7520358
3.625036 138.5373 0.7270049
3.630447 2800.183 0.2606172
3.640609 541.5634 0.5369873
3.649638 162.8959 0.6850452
3.673752 393.107 0.5051019
3.675618 834.9621 0.584465
3.690087 2035.732 0.1704928
3.691418 163.8077 0.756766
3.695298 160.8265 0.5511092
3.700475 1971.719 0.4019034
3.710644 376.0433 0.5223522
3.71945 2135.749 0.2792491
3.726385 926.233 0.4803826
3.748344 349.9026 0.4797135
3.756242 621.4687 0.505089
3.769956 198.1179 0.535582
3.786553 208.7569 0.4921751
3.907715 2804.327 0.2007901
3.919528 708.8824 0.2636071
3.937721 222.1972 0.4494757
3.939946 426.6078 0.5295115
3.964252 163.7331 0.731332
3.977089 646.4935 0.4000168
3.980822 326.2244 0.608223
4.00636 2300.639 0.3937348
4.010269 1517.901 0.4963721
4.014957 197.4047 0.4677673
4.018862 204.8435 0.6765311
4.046429 350.4531 0.3218532
4.135756 2303.814 0.01567437
4.145697 1233.627 0.3753566
4.151716 305.5852 0.8142239
4.157748 1330.601 0.3377783
4.158436 1927.491 0.4585588
4.161462 3168.938 0.2876931
4.176879 283.1791 0.2768529
4.179554 1844.544 0.3982178
4.194985 1963.138 0.2116711
4.204307 1462.999 0.2767558
4.243395 3189.626 0.3267356
4.24925 204.0622 0.5344467
4.273557 109.5062 0.4157699
4.305132 2498.805 0.3805246
4.331611 197.5361 0.6926718
4.336233 188.834 0.4806478
4.357413 62.18184 0.7133008
4.375091 1981.804 0.4340225
4.381098 207.1722 0.4209252
4.3968 1031.513 0.5070953
4.434413 1576.456 0.3684995
4.459981 205.3498 0.5128892
4.462269 62.18184 0.7287307
4.466929 1349.119 0.5231897
4.535001 3283.553 0.5304466
4.541035 633.9332 0.5795679
4.60068 1165.413 0.2682765
4.682127 62.18184 0.7275696
4.695514 377.1822 0.6099005
4.725653 494.0366 0.4626419
4.72597 2385.337 0.4208678
4.734371 62.18184 0.7165368
4.776885 3308.939 0.08077687
4.788723 2166.271 0.08224917
4.81433 2828.403 0.00289491
4.822772 2962.388 0.4938605
4.86326 62.18184 0.7156942
4.914605 2118.392 0.6130183
4.943172 62.18184 0.7391206
4.950772 2226.322 0.1822429
4.965698 1154.73 0.8358649
5.002945 0.8607678 0.7916215
5.006822 129.4026 0.4102203
5.047467 399.959 0.758494
5.199838 114.572 0.4055708
5.231629 1032.909 0.2844738
5.25297 1963.7 0.2719094
5.331659 510.4544 0.613521
5.431892 2528.195 0.2332576
5.452683 2962.931 0.1786377
5.540195 103.462 0.2796077
5.563966 2872.637 0.1031292
5.573772 1681.488 0.00289491
5.600651 2204.926 0.3450893
5.6151 1551.158 0.09896741
5.668092 101.2293 0.7242742
5.683277 724.9893 0.4414385
5.730066 1449.924 0.07603752
5.750323 926.1065 0.1143392
5.81505 2847.255 0.0250646
5.888935 389.4498 0.344619
5.893013 1936.6 0.00289491
5.959069 55.38321 0.647872
5.959871 1929.246 0.08404969
5.969598 951.657 0.5462648
6.028544 0.8607678 0.9966042
6.051396 2369.887 0.6237301
6.062319 303.0776 0.4965274
6.159639 110.0668 0.6540266
6.234744 444.5926 0.09588679
6.29727 1982.355 0.1286097
6.317405 1064.986 0.1193972
6.465439 2397.091 0.00289491
6.502967 93.10242 0.3369776
6.585509 839.7751 0.0265229
6.609554 2608.349 0.00289491
6.626 2411.467 0.3015354
6.627909 123.7399 0.2844269
6.655259 298.2721 0.5421938
6.748019 1948.603 0.515371
6.794939 1262.236 0.2012344
6.800239 154.6244 0.4367227
6.829506 346.2959 0.07784971
7.026988 422.8064 0.284461
7.171737 866.943 0.00289491
7.273182 1494.777 0.00289491
7.305158 418.056 0.00289491
7.323724 453.5441 0.2884731
7.423568 475.1285 0.08731158
7.490249 399.1396 0.00289491
7.574209 314.867 0.4766456
7.671677 246.3661 0.4022114
7.678687 1729.142 0.506499
7.915897 1242.971 0.00289491
7.931957 562.6361 0.00289491
8.008854 247.7051 0.4100004
8.04366 197.4356 0.1278975
8.04366 198.6253 0.1716174
8.04366 198.7061 0.1059669
8.04366 203.2216 0.1623893
8.04366 209.4654 0.09492336
8.04366 244.309 0.07127622
8.057022 456.6987 0.2858288
8.235599 827.1781 0.4495141
8.512168 301.8002 0.2146133
8.856942 509.375 0.04341046
8.916389 519.8327 0.09250018
9.013904 668.5122 0.04610109
9.068474 635.9659 0.2819757
9.433754 1243.882 0.1305562
9.602846 1130.479 0.00289491
10.09499 437.2746 0.2141396
# initCovFnParam= 2.69656750888363 332.824368539669 1.68713063201066 4
