1.437555 332.1234 0.928052
1.503299 919.2553 0.6482386
1.570951 3175.347 0.02603157
1.716152 430.5677 0.8588031
1.747048 2909.067 0.6605778
1.855429 1555.257 0.3430797
1.983347 1264.228 0.8869109
2.004089 951.8559 0.903745
2.004822 2234.765 0.5409163
2.027875 707.9662 0.8009626
2.028987 236.3361 0.7391327
2.028987 274.6163 0.7266206
2.028987 277.4317 0.6903614
2.028987 278.1035 0.7706081
2.028987 281.6858 0.8546194
2.028987 311.7275 0.7312102
2.105886 499.4284 0.7606589
2.112416 1956.848 0.4521395
2.123265 2037.572 0.8856576
2.150207 2815.246 0.3536034
2.176898 1715.619 0.8968219
2.188316 1555.601 0.9932083
2.210414 2810.429 0.5584551
2.225174 1093.772 0.6659731
2.236651 522.6182 0.7559976
2.251215 0.8607678 0.8345838
2.25124 265.8965 0.600272
2.25656 1467.763 0.7074237
2.290212 1705.405 0.7082514
2.299278 1353.757 0.7569626
2.314232 0.8607678 0.8520029
2.376977 383.7202 0.7917197
2.401412 2645.7 0.7559836
2.435175 1803.778 0.6103025
2.467763 2258.673 0.1614666
2.469134 2774.702 0.397301
2.491492 2595.79 0.3777443
2.533067 587.0049 0.8413008
2.540187 362.3095 0.7357646
2.555828 2105.04 0.4895412
2.59187 1216.578 0.2381718
2.599896 799.8536 0.6430535
2.619 2409.519 0.5291051
2.632101 1947.735 0.500524
2.632588 1511.599 0.3440259
2.645264 2294.052 0.2879204
2.678248 1621.714 0.2359751
2.690256 3052.807 0.5345725
2.70619 2005.248 0.4546264
2.723585 2676.33 0.551736
2.725055 3118.627 0.6918082
2.762003 955.4282 0.6489454
2.772209 2607.378 0.7382518
2.772406 561.1268 0.4645144
2.787327 205.1662 0.6835261
2.80187 963.5408 0.216925
2.814433 1901.271 0.5533026
2.830818 1038.386 0.5484006
2.840876 867.797 0.7153537
2.844458 204.9386 0.6737765
2.854738 632.5852 0.4382725
2.868087 216.9087 0.7396074
2.892168 2856.714 0.6095942
2.896115 2786.21 0.4458419
2.914703 704.1178 0.4062398
2.954248 359.8786 0.7983563
2.959833 0.8607678 0.7575784
2.966425 204.7602 0.6715842
3.013829 1269.897 0.1937405
3.019795 433.8437 0.4350712
3.038862 205.0525 0.6527104
3.046565 236.9084 0.7393186
3.050611 834.4981 0.6572159
3.065751 188.2747 0.6704179
3.073534 3364.094 0.5177522
3.09077 383.852 0.6071923
3.098147 1014.888 0.2668121
3.115209 205.1631 0.6500544
3.119236 2604.661 0.3183296
3.126911 3192.966 0.5672948
3.128219 439.9398 0.4245676
3.129271 1343.785 0.2149433
3.177726 2492.041 0.4120499
3.182964 2754.274 0.2840656
3.212083 204.9055 0.6498526
3.219788 2258.659 0.08379573
3.22284 2945.988 0.546945
3.25201 250.2272 0.6771773
3.26977 227.4039 0.6773288
3.288692 2307.624 0.3964407
3.346612 154.4748 0.7190232
3.368295 1908.844 0.7068185
3.398196 261.7605 0.5072411
3.402864 513.0921 0.5057889
3.405871 536.7551 0.4825144
3.406243 2815.038 0.711151
3.4098 1893.71 0.3116166
3.41859 3170.976 0.1934762
3.423187 294.4391 0.6269532
3.435885 530.8053 0.2344687
3.437941 399.717 0.8363877
3.461017 244.0699 0.6271654
3.465631 431.0623 0.3402959
3.474494 81.009 0.670782
3.502519 2820.998 0.08894552
3.524716 443.8414 0.4490116
3.525129 3290.524 0.5833108
3.532932 857.857 0.5646408
3.561367 175.9603 0.8079635
3.565844 1839.007 0.9932083
3.570901 199.0096 0.6042644
3.575808 152.7139 0.6855846
3.60203 1174.757 0.632085
3.613359 637.6997 0.708562
3.62273 2689.702 0.6803463
3.641839 707.3458 0.4737476
3.642512 2080.654 0.2278769
3.662998 0.8607678 0.6940052
3.708351 397.8537 0.4045084
3.722594 315.314 0.4373896
3.77141 1491.442 0.3582091
3.795212 2590.575 0.6862003
3.806233 1259.641 0.491622
3.807932 1508.845 0.5860048
3.811493 66.52712 0.5089771
3.841888 2594.033 0.4274195
3.894698 3025.531 0.5695152
3.906916 257.2673 0.617565
3.91555 1170.644 0.6230519
3.920367 352.6855 0.4206594
3.93322 1274.873 0.3236388
3.960478 2060.781 0.7871781
3.966285 508.4888 0.4780001
3.976634 0.8607678 0.6420972
3.98011 2210.162 0.227559
4.008772 1440.902 0.5089722
4.019272 478.697 0.484513
4.023955 418.8605 0.7276174
4.025375 777.3157 0.554321
4.078885 0.8607678 0.7335488
4.08861 2086.787 0.8511932
4.134519 494.2146 0.7127469
4.147096 949.5946 0.2307959
4.151399 0.8607678 0.6044899
4.179601 1373.981 0.1746507
4.200314 1975.483 0.1026791
4.223372 59.99988 0.7148417
4.241284 1743.01 0.4277257
4.253827 3252.61 0.1030318
4.266181 1815.799 0.06542169
4.269208 508.7725 0.6713917
4.27141 2762.203 0.3077664
4.312573 250.6796 0.6537427
4.343392 2420.084 0.4566325
4.399807 1408.437 0.4297693
4.405922 59.99988 0.6847696
4.430447 2103.174 0.3367294
4.442054 990.8937 0.150251
4.45606 59.99988 0.6988532
4.472969 59.99988 0.7083418
4.478186 1724.896 0.4418711
4.512973 59.99988 0.6908623
4.52254 1318.159 0.5455575
4.549469 1301.34 0.3170706
4.576887 1420.617 0.4557064
4.609769 1670.467 0.8134257
4.636738 1569.861 0.3706214
4.638752 59.99988 0.7181779
4.668164 974.2703 0.466498
4.674944 2271.108 0.1733483
4.695451 1499.014 0.2446961
4.7331 3127.336 0.4997067
4.739916 1467.471 0.06766447
4.799854 0.8607678 0.6523212
4.890774 3089.604 0.145811
4.892268 0.8607678 0.5400067
4.902367 1087.014 0.4619782
4.906221 1010.711 0.2220566
4.912199 399.401 0.5613942
4.961304 71.04707 0.4506109
4.977453 1765.05 0.04022999
5.016093 827.4402 0.2079672
5.034232 1699.779 0.1845333
5.073087 2804.881 0.7869773
5.104889 0.8607678 0.5263583
5.109567 913.0728 0.4384983
5.124159 1110.528 0.151472
5.14136 2363.24 0.2504508
5.145644 2082.151 0.204882
5.185873 800.2481 0.1523297
5.213751 2659.651 0.3196401
5.245641 3134.853 0.02515065
5.251385 2380.31 0.07688314
5.265657 2832.352 0.2673497
5.308791 1620.017 0.3503127
5.347102 1001.069 0.2658198
5.350974 0.8607678 0.7820903
5.362389 2983.569 0.2818194
5.394152 1510.696 0.1669481
5.463728 690.6609 0.6460947
5.4837 2262.497 0.7714393
5.52197 315.1707 0.2600643
5.687823 821.3377 0.1487443
5.756614 610.1293 0.05064685
5.857292 1442.463 0.6636327
5.8692 537.8043 0.3297318
5.945253 1000.705 0.1582253
6.200228 2595.457 0.3195874
6.273674 1576.9 0.4044873
6.283061 1611.299 0.5965452
6.289591 0.8607678 0.6499554
6.305725 847.823 0.08910314
6.410697 2483.921 0.0691492
6.497234 1591.956 0.04404651
6.547439 1785.661 0.07259164
6.577001 801.1188 0.3025159
6.585594 81.7777 0.6114162
6.674966 572.6113 0.08532346
6.696145 2551.351 0.00578982
6.72114 1005.956 0.1443929
6.819091 427.9897 0.1865689
6.964334 1094.09 0.1329744
7.467964 209.6408 0.5602449
7.537578 1805.704 0.2389439
7.588935 336.1511 0.6089398
7.594336 234.5266 0.2083748
7.594336 260.8734 0.1477122
7.594336 262.4838 0.1085233
7.594336 271.5686 0.159853
7.594336 284.6707 0.1885539
7.594336 286.0441 0.1605345
7.6439 1740.159 0.3813492
7.665579 347.6865 0.1788601
7.710323 394.9006 0.05664591
7.769412 681.9803 0.6440517
7.91297 1327.948 0.4750749
7.955647 623.6983 0.2569613
8.021089 1700.569 0.00578982
8.0293 1027.946 0.5688155
8.068443 366.6409 0.1337892
8.421314 232.6702 0.3260476
8.618323 719.8096 0.06768669
8.945817 466.492 0.00578982
9.66899 341.391 0.2523858
10.3322 0.8607678 0.00578982
10.68169 0.8607678 0.665698
11.503 0.8607678 0.00578982
11.96181 203.1815 0.00578982
12.09366 0.8607678 0.00578982
12.15658 0.8607678 0.00578982
# initCovFnParam= 1.21877869117309 566.808372743909 1.133072960143 4
