## Sat May 29 11:57:57 2021; Sample: 1; # of loci: 1; NrunsPerPoint=30;
## pointmin=1  pointmax=100 out of PointNumber=100
2.519073 288.2561 0.6895229 491.99133 491.99133 
2.519073 289.9029 0.7027388 492.1088 492.1088 
2.519073 338.5161 0.6723648 491.79169 491.79169 
2.519073 351.423 0.6608448 492.04221 492.04221 
2.519073 394.8456 0.6935104 491.94122 491.94122 
2.519073 425.5202 0.7046107 492.4071 492.4071 
3.122246 2722.593 0.5905016 494.26248 494.26248 
3.221239 1827.357 0.6593136 494.2637 494.2637 
3.249569 1698.073 0.6840786 494.41592 494.41592 
3.249995 1306.468 0.659254 493.79636 493.79636 
3.249995 1306.468 0.659254 493.79218 493.79218 
3.250983 1252.59 0.6725442 493.74344 493.74344 
3.26049 1168.687 0.7193542 494.18588 494.18588 
3.262917 925.549 0.713271 493.60056 493.60056 
3.264599 409.6405 0.7089976 492.09442 492.09442 
3.264645 1609.542 0.6429713 493.96307 493.96307 
3.265395 2512.688 0.5783324 494.24179 494.24179 
3.290783 1574.029 0.6366321 494.01736 494.01736 
3.295328 401.4272 0.6441478 491.87762 491.87762 
3.295579 401.4272 0.6446779 492.022 492.022 
3.295782 401.4272 0.6447171 491.81836 491.81836 
3.295782 401.4272 0.6447171 491.62637 491.62637 
3.297287 401.4272 0.6446777 491.65146 491.65146 
3.300436 401.4272 0.6450575 491.82721 491.82721 
3.300969 401.4272 0.6448622 491.80035 491.80035 
3.303145 258.2768 0.6374687 491.27106 491.27106 
3.304801 258.2768 0.6367969 491.44925 491.44925 
3.304837 258.2768 0.6368177 491.47382 491.47382 
3.304979 258.2768 0.6373338 491.48441 491.48441 
3.307223 258.2768 0.6370341 491.457 491.457 
3.307588 258.2768 0.636901 491.3118 491.3118 
3.308743 360.4841 0.6380842 491.6571 491.6571 
3.308743 360.4841 0.6380842 491.60428 491.60428 
3.309464 431.9869 0.6731846 492.15698 492.15698 
3.312107 332.4338 0.6247982 491.50134 491.50134 
3.312116 322.8015 0.6292047 491.50174 491.50174 
3.320444 324.598 0.6290706 491.58301 491.58301 
3.324958 365.7139 0.6236002 491.58759 491.58759 
3.340845 1390.247 0.6261984 493.6571 493.6571 
3.342823 335.3466 0.63217 491.66742 491.66742 
3.347731 898.1291 0.7006395 493.47913 493.47913 
3.349854 1161.448 0.6686304 493.78659 493.78659 
3.35444 1071.156 0.6875517 493.76285 493.76285 
3.35444 1071.156 0.6875517 493.80121 493.80121 
3.363216 608.2405 0.6584256 492.44882 492.44882 
3.363864 1794.092 0.6223509 494.19199 494.19199 
3.364347 532.1464 0.6842368 492.38962 492.38962 
3.365608 1463.314 0.6468822 493.95438 493.95438 
3.366006 675.0734 0.7169403 493.20407 493.20407 
3.367927 364.2285 0.6295679 491.53906 491.53906 
3.374415 1636.456 0.6818978 494.50076 494.50076 
3.378008 810.2237 0.6697543 493.20206 493.20206 
3.379626 1058.602 0.6861106 493.76694 493.76694 
3.380166 352.2598 0.6723433 491.77652 491.77652 
3.380166 352.2598 0.6723433 491.75214 491.75214 
3.385282 525.8359 0.6958971 492.56656 492.56656 
3.387367 1328.259 0.6674522 494.03879 494.03879 
3.392218 1317.814 0.6657068 493.98071 493.98071 
3.397682 825.4979 0.7118738 493.58554 493.58554 
3.3985 1171.021 0.6581911 493.58533 493.58533 
3.399115 408.4686 0.6735266 492.00095 492.00095 
3.400595 363.0486 0.6268869 491.63263 491.63263 
3.404339 400.8877 0.659834 491.75082 491.75082 
3.407403 1606.359 0.6260023 494.03 494.03 
3.408555 1898.439 0.6059873 494.2038 494.2038 
3.408555 1898.439 0.6059873 494.18759 494.18759 
3.411776 1325.5 0.6055091 493.60498 493.60498 
3.413883 516.9547 0.7063276 492.61288 492.61288 
3.423089 466.2469 0.6838952 492.35522 492.35522 
3.425213 1189.756 0.6784103 493.99881 493.99881 
3.429225 468.2291 0.6798402 492.38379 492.38379 
3.429721 529.7628 0.6414946 492.15112 492.15112 
3.437919 1730.492 0.6771408 494.59937 494.59937 
3.441721 654.9714 0.6921312 492.93933 492.93933 
3.446138 943.547 0.6415418 493.28256 493.28256 
3.44682 724.7619 0.6733448 493.02133 493.02133 
3.44682 724.7619 0.6733448 492.90176 492.90176 
3.452392 434.9357 0.6714966 491.92599 491.92599 
3.457724 839.2536 0.6907928 493.38324 493.38324 
3.458606 370.3726 0.6214242 491.70862 491.70862 
3.462199 313.1791 0.6192013 491.59418 491.59418 
3.463158 899.4791 0.6492778 493.21445 493.21445 
3.472337 688.545 0.6379657 492.57742 492.57742 
3.483342 1120.873 0.6116609 493.24524 493.24524 
3.493355 862.6178 0.666002 493.38367 493.38367 
3.493829 1632.995 0.6671881 494.4964 494.4964 
3.499713 603.6182 0.6769871 492.73517 492.73517 
3.499713 603.6182 0.6769871 492.78488 492.78488 
3.514677 1192.373 0.592878 493.36047 493.36047 
3.5438 991.7961 0.6432387 493.5239 493.5239 
3.544934 530.1061 0.6589602 492.52228 492.52228 
3.54528 745.946 0.668086 493.18332 493.18332 
3.550195 1312.254 0.6037162 493.64862 493.64862 
3.551377 1248.11 0.6126947 493.60944 493.60944 
3.555857 391.5957 0.611781 491.73907 491.73907 
3.577913 474.0876 0.6674386 492.24188 492.24188 
3.586822 989.3413 0.6271656 493.35867 493.35867 
3.614743 1459.4 0.5831271 493.77509 493.77509 
3.614743 1459.4 0.5831271 493.7793 493.7793 
3.629054 491.974 0.6486171 492.46198 492.46198 
3.653476 949.3402 0.6050127 493.2807 493.2807 
3.68515 538.3082 0.6031656 492.0993 492.0993 
3.846456 218.4918 0.6019384 491.40421 491.40421 
4.557625 285.86 0.6120905 492.3508 492.3508 
4.557625 286.7527 0.6179837 492.26193 492.26193 
4.557625 297.9458 0.6270862 492.5423 492.5423 
4.557625 306.3105 0.5805018 492.49026 492.49026 
4.557625 307.7898 0.5894656 492.30234 492.30234 
4.557625 361.989 0.680652 493.20007 493.20007 
4.557625 361.989 0.680652 493.23563 493.23563 
