1.499456 398.0431 0.9999785
1.54575 331.8248 0.9999785
1.594805 651.4096 0.888128
1.701846 3832172 0.237659
1.740924 40106.29 0.4568921
1.75481 45176.67 0.952178
1.76076 7711.941 0.9999785
1.76959 24173.32 0.9999785
1.792135 503639.9 1.635032e-05
1.824968 204.2988 0.9304453
1.884877 2206.486 0.3182454
1.891872 1299.858 0.864506
1.917593 1081.882 0.3256538
1.925939 806.2071 0.9612102
1.936591 1309.1 0.8198343
1.989115 3706.751 0.9262762
1.993726 493.3329 0.9875036
2.003355 71772.69 0.8056519
2.018346 205.2054 0.7138263
2.018346 325.044 0.6243986
2.018346 354.2046 0.6901274
2.018346 511.2738 0.5224782
2.018346 707.1184 0.4751973
2.018346 1912.126 0.1637297
2.021114 3832172 1.635032e-05
2.028292 924.1894 0.6579839
2.047404 1564302 1.635032e-05
2.067693 9119.116 0.2270061
2.076774 341.5065 0.8672715
2.092221 121.8759 0.8789175
2.111609 45913.1 0.9881881
2.120543 264.725 0.615695
2.123504 293.7515 0.900567
2.127115 145237.9 0.2619021
2.161936 2843.237 0.2679264
2.186382 1831.021 0.3449843
2.206817 9095.338 0.3772998
2.217735 12246.71 0.2911662
2.246146 1253.802 0.2945951
2.258931 352.2794 0.7073821
2.267337 32707.14 0.9210901
2.270388 12420.65 0.01425838
2.287418 742.6972 0.5364164
2.292726 208.1415 0.879187
2.310981 113.9596 0.9830271
2.336378 20372.14 0.2682565
2.33929 920830.2 0.2988339
2.36435 3320.827 0.305781
2.383821 11108.11 0.7982176
2.404794 134502.7 1.635032e-05
2.404821 9437.316 0.1717339
2.406144 3832172 0.9999785
2.411755 7680.791 0.1426197
2.417209 149205.5 0.5465106
2.41759 406.5686 0.9212395
2.457196 143.9089 0.7908081
2.4648 7897.462 0.2341342
2.468109 12420.65 0.01764094
2.473941 3966.736 0.5257752
2.475219 12420.65 0.007654818
2.477475 12420.65 0.00588104
2.51347 345.2665 0.719026
2.528953 105.2074 0.9154688
2.545415 3233.1 0.4291567
2.551485 3526.083 0.0453314
2.564994 8597.571 0.6250038
2.573218 12021.72 0.1691057
2.574038 9734.989 0.788034
2.581785 3272.113 0.4753441
2.60299 616.1159 0.9756855
2.62407 8305.02 0.2416017
2.65011 9339.637 0.1004355
2.657319 1654.538 0.177561
2.676962 13397.7 0.14369
2.688215 12420.65 0.01518774
2.702351 9853.889 0.243276
2.72145 720978.9 0.3078584
2.730063 758.3169 0.4166509
2.772968 1752620 1.635032e-05
2.784115 2193.344 0.03643851
2.795911 653.3993 0.7127374
2.804402 1263.028 0.2157135
2.810757 1738.236 0.2772725
2.812936 1450.104 0.9873841
2.826501 12738.58 0.1073024
2.827546 286.5306 0.4244027
2.844579 715.4746 0.4607351
2.845869 16892.8 0.4669988
2.846322 12420.65 0.02880526
2.866948 984.2827 0.454307
2.868709 354.5997 0.6418646
2.874446 10629.35 0.3013816
2.880631 267.7031 0.4684961
2.883193 1204.136 0.2562892
2.885987 832309.1 0.5003573
2.886455 1866.828 0.6491184
2.914733 95.15781 0.6392345
2.926664 1229.921 0.10205
2.94502 77051.25 0.3298886
2.952526 545037.9 0.669109
2.955762 2107.004 0.5346575
2.957732 818.7078 0.3229233
2.985154 414.3422 0.4186592
2.991585 407.2904 0.6956412
2.995437 67.85597 0.7783661
3.001742 71.73923 0.6080852
3.017964 660.9647 0.3973888
3.025151 345.4988 0.559601
3.027413 3348.797 0.4892956
3.028114 104.7658 0.9536113
3.036123 448.1781 0.527749
3.047645 941.9523 0.3158702
3.066684 437.0518 0.5774751
3.088371 105859.5 0.9688025
3.09536 50.70416 0.8591401
3.095386 1119.274 0.06216048
3.106777 1483.582 0.5210052
3.107264 1406.402 0.5466182
3.132195 94.24477 0.6022942
3.132273 1856.32 0.1716483
3.14343 460.3986 0.5093108
3.151055 1167.982 0.2816855
3.166333 380.4264 0.3735745
3.169504 327.8778 0.6221396
3.178377 61.15558 0.7214842
3.20029 45533.77 0.616075
3.205063 3379.368 0.06052584
3.207307 1701.622 0.4366633
3.212859 71.16295 0.9078887
3.216872 456.2939 0.9425415
3.217647 128.8072 0.695733
3.219307 1385.196 0.1768644
3.220481 1757.366 0.04557738
3.221389 525.836 0.2131617
3.229068 355.6687 0.4604097
3.246313 409.2581 0.68837
3.2536 540.6756 0.3590302
3.258465 4719.114 0.2119889
3.287917 2574.986 0.01967961
3.293257 174.1879 0.7053718
3.293993 1013.073 0.3039554
3.295759 173.9183 0.7017452
3.295837 779.2815 0.3631467
3.297683 174.1415 0.7042711
3.298846 173.5308 0.7013133
3.299085 174.3659 0.7027483
3.300782 1432.619 0.4462721
3.301356 2609.829 0.01888972
3.30583 173.7406 0.7048593
3.356898 41.04786 0.7852754
3.359804 1459.611 0.7424941
3.417209 301.531 0.5826993
3.422095 53.54578 0.8924511
3.463022 1556.89 0.1134537
3.4643 684.6738 0.2198803
3.476373 1179.737 0.50972
3.476899 126.6314 0.8915926
3.479447 2344.492 0.10451
3.534989 564.83 0.2182272
3.552387 236.9554 0.7272099
3.602882 479.8065 0.2215951
3.604129 381.1141 0.4401864
3.624121 123.3813 0.8717729
3.630194 3187.601 0.04049818
3.641139 235.7064 0.4241708
3.692147 229.9896 0.6905867
3.719273 295622.5 0.3191504
3.723499 531.3444 0.4004479
3.742815 1062.211 0.4280647
3.745176 284.4943 0.4595572
3.753088 88.88944 0.6847708
3.765085 141.1002 0.5374894
3.775836 904.5363 0.08215052
3.825171 144.1683 0.8285025
3.858514 1343.041 0.1127287
3.922079 2067.892 0.3351199
3.954881 53.54578 0.8051651
3.961064 12361.99 0.3381568
3.990297 127.1416 0.7433186
3.999426 51.40978 0.6952073
4.00199 1305.058 0.4631594
4.026393 53.54578 0.897581
4.051842 53.54578 0.9038672
4.140048 130.6742 0.7113445
4.151713 2210.78 0.2979843
4.241032 53.54578 0.8843589
4.276673 53.54578 0.8520104
4.2786 2036.343 0.1008068
4.29583 51.93879 0.5681768
4.35883 424.0018 0.1225415
4.367951 1795.592 0.5306176
4.371584 178.9326 0.2359759
4.384951 103.3624 0.8952008
4.394147 96.45448 0.6587748
4.417854 169.5184 0.78848
4.53138 181.4708 0.4065221
4.614435 66.39053 0.6785731
4.641481 926.5268 0.6296427
4.709054 61.79667 0.8074643
4.837178 323.9432 0.7341367
4.865996 491.3934 0.276803
4.876266 274.5447 0.6078627
4.887891 148.7487 0.3382262
4.931101 2438.51 0.4108826
5.03495 24641.3 0.4806804
5.062837 41142.48 0.3653172
5.134669 242.1413 0.1842178
5.146695 277.5222 0.7264855
5.233312 975.3826 0.1531215
5.317225 1813.748 0.2406445
5.364228 97.08173 0.7188105
5.382574 1619.531 1.635032e-05
5.424327 58.91399 0.4386789
5.427172 371.4852 0.6155393
5.459918 657.672 0.08139075
5.487159 13794.54 0.1526521
5.542847 1144.116 0.1507757
5.556886 2182.56 0.51674
5.568687 42.24547 0.4982187
5.641137 191.0641 0.3471535
5.696582 171.8006 0.3371737
5.744275 151.2471 0.3079148
5.752553 373.7336 0.1660122
5.798528 226.2847 0.8090205
5.813371 6306.934 1.635032e-05
5.841273 1731.163 0.05338009
5.99264 150.8206 0.5288619
6.053617 215.6999 0.7131235
6.068932 500.8713 0.1216397
6.172246 64.08649 0.7163207
6.59125 125.2135 1.635032e-05
6.73236 134.5451 0.3774001
7.611851 85.69261 0.6047223
7.769766 177.1758 0.2225814
7.769766 206.6621 0.1638831
7.769766 290.1103 0.05180151
7.769766 297.2314 0.001750931
7.769766 308.2575 0.04177567
7.769766 358.4891 0.001439825
7.81693 482.7897 0.1163351
8.122251 307.506 0.008956868
8.151778 67.45545 0.4370941
8.209034 91.8063 0.2640891
8.376072 268.6243 0.228638
8.498778 114.1998 0.08992229
8.89278 51.92423 0.7611101
9.755817 1092.982 1.635032e-05
11.33788 287.9541 0.1957913
11.61884 142.467 1.635032e-05
13.72555 231.6738 1.635032e-05
# initCovFnParam= 1.59457288508265 2.37405384695288 0.481675927714511 4
