1.467813 2809.439 0.5250451
1.484357 1907.665 0.4793938
1.553845 1202.549 0.7597663
1.568121 1219.394 0.8038918
1.578082 1969.964 0.7521526
1.590133 18218.79 8.17516e-06
1.610545 480.3331 0.5412231
1.711283 113142.5 0.9999892
1.731296 545854 0.283545
1.743538 97.00841 0.9999892
1.748888 199.8212 0.6379409
1.790745 16290.73 0.6477622
1.807169 140.7982 0.9999892
1.821262 7664344 0.9999892
1.857372 122383.5 0.9999892
1.857469 79.20614 0.68798
1.861431 1530058 0.06701251
1.862162 2904.402 0.3612665
1.867902 3116.564 0.3662998
1.876623 40.46828 0.9999892
1.882193 193563.8 0.9999892
1.907049 6266.303 0.4257468
1.924173 1232176 0.2423272
1.934377 67372.6 0.4168019
1.940002 685149 8.17516e-06
1.940199 348.3139 0.5247506
1.954958 4033.191 0.134698
1.983319 111176.4 0.007486757
1.993993 345.7067 0.7425355
2.033436 4195.723 0.389346
2.04235 2104.594 0.3055215
2.044999 214.2055 0.7712471
2.044999 282.594 0.6359523
2.044999 285.3314 0.703628
2.044999 418.5863 0.6335312
2.044999 529.6828 0.5071881
2.044999 532.976 0.5182288
2.071147 7664344 0.6106707
2.159113 159.629 0.959365
2.164574 1036.547 0.2884932
2.174104 107231.6 0.5657522
2.177852 320.6943 0.4111279
2.191722 672.2116 0.3843603
2.216292 5106.531 0.3243939
2.261024 3373.076 0.3231563
2.277956 420.8061 0.8430827
2.320733 30060.61 0.1957533
2.336769 5256.542 0.1014453
2.34653 2033.403 0.4014906
2.353693 4911.589 0.2810441
2.364258 23831.27 0.2184468
2.384463 465.0178 0.5903641
2.406257 94.56554 0.6785887
2.427616 17048.46 0.07942667
2.453964 10204.16 0.01198492
2.472108 2565.564 0.3207873
2.529919 117.0597 0.9232421
2.536195 10204.16 0.002943098
2.560677 1308.521 0.5252532
2.566282 10204.16 0.03786936
2.574869 12172.88 0.02071229
2.597581 7661.883 0.6555773
2.61793 892.8058 0.5192364
2.621585 144.2513 0.7926421
2.621841 218.1445 0.814174
2.62951 114.2847 0.6107122
2.63236 10204.16 0.05981142
2.642175 10204.16 0.06269573
2.650317 705.7809 0.3448785
2.661495 5155029 0.9999892
2.664358 182.2774 0.9066941
2.727886 514.1291 0.9168185
2.742818 1106.337 0.405613
2.775656 568.1697 0.2764307
2.80913 411594.2 0.9845942
2.851075 10605.25 0.3048243
2.858588 2779.358 0.531234
2.859344 212.6083 0.6814591
2.891372 1004467 0.0294236
2.896577 271044.9 0.8401582
2.906385 301.9813 0.6017456
2.911165 119.7345 0.8420563
2.930572 192.9757 0.5605895
2.940424 3844.283 0.2761103
2.943546 357.0073 0.2795671
2.946932 99.87669 0.7108526
2.972646 79.56757 0.7911773
2.991586 334521.6 0.8326988
2.999796 2555.594 0.486485
3.014781 274.1118 0.7356324
3.019132 4765.543 0.2191876
3.020143 405.2947 0.5880921
3.023952 71439.68 0.5323945
3.039155 1137.838 0.3207424
3.047525 5552.317 0.5626958
3.064818 326.4046 0.6117754
3.081398 450.9486 0.5043161
3.082663 245.2503 0.2693839
3.089517 179.7198 0.7819621
3.11817 10204.16 0.01881503
3.122194 7974.167 0.2529683
3.133265 640.8042 0.5893883
3.139932 259.8993 0.6017903
3.168523 53.70341 0.9396489
3.174582 870.0114 0.2248228
3.176234 571.1448 0.3433024
3.197433 105.5256 0.8602471
3.208883 3180.204 0.1979449
3.236395 309.6605 0.5263052
3.241148 572.6551 0.7600531
3.243384 124.8749 0.9934627
3.250556 145.1793 0.7064781
3.26055 122.1325 0.8897105
3.261421 151833.6 0.8578976
3.289926 174.8717 0.7012641
3.291838 502.4503 0.4269146
3.292739 174.9248 0.7021834
3.293198 175.0814 0.7020467
3.294807 648.5139 0.3905509
3.295262 174.6134 0.7011843
3.29779 174.8052 0.7029716
3.298239 175.148 0.7018153
3.309337 160.8607 0.6737703
3.319741 70.77811 0.7616943
3.352116 4396.738 0.03501445
3.378962 554.5146 0.2943976
3.390622 393.924 0.4196325
3.439151 2160.815 0.3825744
3.449773 53.47426 0.8897236
3.451161 151.6363 0.808607
3.452822 910.8318 0.2533768
3.458937 597.6367 0.3237729
3.468624 145.8544 0.8071374
3.49982 19405.49 0.03318144
3.521766 220.3503 0.5346538
3.530391 53.47426 0.8970021
3.544409 1969.335 0.05273221
3.587995 623.2056 0.6214874
3.60415 185.4095 0.3796664
3.642968 194.8605 0.659768
3.653135 179.8247 0.5752367
3.656383 426.4076 0.3549867
3.657181 1719.182 0.5235215
3.689861 184.8456 0.6637413
3.695505 476.6264 0.2881136
3.746821 165.32 0.7564569
3.799037 289.4362 0.476638
3.852582 188.846 0.2778908
3.873884 127.6589 0.7309002
3.9401 149.2539 0.694826
3.950076 196.6357 0.636118
3.974705 53.47426 0.8489838
3.987756 110.7597 0.495477
4.009279 84403.03 8.17516e-06
4.052574 53.47426 0.8952101
4.070819 219.2324 0.5422706
4.091647 71363.67 0.1288443
4.103554 1086.755 0.1118861
4.120964 489.9797 0.3045157
4.129837 53.47426 0.8304307
4.192065 760.7854 0.6971065
4.241853 37.27974 0.8206934
4.267537 53.47426 0.8385454
4.271339 555.3363 0.9330588
4.27181 81.76977 0.5473875
4.280728 63.11689 0.7209592
4.284242 286.5902 0.3447253
4.285803 191.0151 0.5060617
4.290396 257.0456 0.2266608
4.296901 9268.392 0.03892061
4.34004 2613.254 0.1895997
4.352848 191.0627 0.7539054
4.357418 900.6699 0.1443296
4.459567 509.0061 0.009297341
4.468668 315.8428 0.7660916
4.475294 730.0262 0.301917
4.522511 525.4181 0.7370671
4.570465 102.7588 0.5108433
4.583602 86.57142 0.5360882
4.583885 985.7543 0.2928618
4.601927 671.8959 0.2297645
4.602453 2095.906 0.2534576
4.664691 863.0056 0.2751555
4.744584 139.9993 0.5113812
4.759608 240.3343 0.4853348
4.765425 4217.471 0.01660456
4.980236 118.7584 0.6717549
4.995735 238.2145 0.5944654
4.99658 78.11448 0.9398181
5.203861 85.63035 0.4185659
5.374114 475.9585 0.4399664
5.39678 106.5315 0.2548205
5.400589 98.19908 0.4712123
5.449744 91.85992 0.909798
5.611844 2738.274 8.17516e-06
5.631214 629.7237 0.4677284
5.675581 377.0591 0.3484105
5.684551 103.6799 0.1896198
5.70934 141.127 0.8558409
5.717839 352.6718 0.5035019
5.78226 581.2742 0.5896342
5.823991 152.8873 0.7551135
5.834106 356.1651 8.17516e-06
5.854621 684.8897 8.17516e-06
5.904857 50.54816 0.8121601
5.918385 407.5125 0.02425506
6.020432 72.1046 0.5261107
6.056943 64.72084 0.447794
6.142529 97.70912 0.8693824
6.146319 168.1135 0.01371424
6.238824 282.1425 0.2053233
6.250541 110.5142 0.9226461
6.288605 2262.079 0.3776968
6.42885 154.8028 0.1981606
6.504098 62.05827 0.8959233
6.533219 349.1066 0.1710663
6.536728 1013.101 0.1222515
6.689233 398.6225 0.6772915
6.689756 747.2107 0.04284501
6.795415 114.1959 0.663413
6.880579 216.6729 0.3672138
6.892988 182.7106 0.4919282
6.933556 148.8356 0.114493
7.269888 275.0497 0.2050927
7.345293 1101.936 8.17516e-06
7.458772 230.5299 0.1723007
7.621421 1662.794 0.3246094
7.644878 2033.738 8.17516e-06
7.665485 449.5298 0.08236064
7.742462 107.1645 0.1593533
7.863008 240.1235 0.1459498
7.863008 257.0789 0.104341
7.863008 267.8243 0.0976989
7.863008 310.0079 0.03672266
7.863008 312.7701 0.05248041
7.863008 317.9646 0.001805705
7.897877 629.9025 0.3122578
7.995471 113.4739 0.5124871
8.100082 162.0901 0.06701121
8.149494 328.3466 0.0141601
8.163884 118.4696 0.2163327
8.465369 221.5951 0.07283051
8.503006 453.0183 0.2284516
8.689836 286.3683 0.1058817
8.959636 381.8219 0.01735608
9.266969 277.3241 8.17516e-06
10.32139 90.61787 8.17516e-06
11.42676 247.001 8.17516e-06
13.18021 191.1099 8.17516e-06
15.34875 130.8389 8.17516e-06
# initCovFnParam= 1.53778234909403 2.3861662552356 0.493725656159248 4
