## Wed Jun  2 19:45:53 2021; Sample: 1; # of loci: 1; NrunsPerPoint=30;
## pointmin=1  pointmax=100 out of PointNumber=100
1.491706 123.6376 0.9559958 497.5311 497.5311 
1.598021 3468.373 0.2025218 496.1915 496.1915 
1.627642 46.33838 0.9559958 499.36423 499.36423 
1.746804 837.5138 0.8340933 496.2229 496.2229 
1.758895 62.20281 0.9559958 496.49973 496.49973 
1.822663 167.3208 0.835596 494.54498 494.54498 
1.865968 90.066 0.9559958 495.11038 495.11038 
1.866498 397.2388 0.5541713 494.10519 494.10519 
1.933184 568.0554 0.5984668 493.76682 493.76682 
2.021771 453.4582 0.6209002 493.33984 493.33984 
2.021771 453.4582 0.6209002 493.36108 493.36108 
2.021771 955.8864 0.4140376 493.28302 493.28302 
2.021771 1135.905 0.3316156 493.56036 493.56036 
2.021771 1285.64 0.3371796 493.33066 493.33066 
2.021771 1310.229 0.3208228 493.33383 493.33383 
2.021771 1442.213 0.3581408 493.3894 493.3894 
2.023889 839.6386 0.4014197 493.3602 493.3602 
2.069964 645.0082 0.6145498 493.43951 493.43951 
2.07618 200.2691 0.8500524 493.46027 493.46027 
2.177702 80.43636 0.9559958 494.06396 494.06396 
2.231798 508.3136 0.607268 492.66315 492.66315 
2.231798 508.3136 0.607268 492.48007 492.48007 
2.258345 359.1437 0.4928817 492.65466 492.65466 
2.36401 819.7712 0.3335677 492.38556 492.38556 
2.408128 412.667 0.5880299 492.14941 492.14941 
2.408328 256.3676 0.8038916 492.27396 492.27396 
2.543389 74.3916 0.9559958 493.15488 493.15488 
2.561669 1190.755 0.3199129 492.04721 492.04721 
2.562434 124.9913 0.7600848 492.17661 492.17661 
2.569902 454.805 0.3169857 492.50534 492.50534 
2.57148 174.5798 0.8679879 492.25644 492.25644 
2.5964 595.8351 0.2835242 492.26611 492.26611 
2.5964 595.8351 0.2835242 492.21368 492.21368 
2.633613 1269.742 0.3479707 492.12589 492.12589 
2.676215 946.5937 0.2917625 491.83475 491.83475 
2.712152 695.1787 0.2590265 491.93289 491.93289 
2.714025 133.6052 0.7456702 491.84128 491.84128 
2.826381 368.7391 0.7314551 492.02045 492.02045 
2.851017 511.9194 0.4380111 491.64743 491.64743 
2.88254 172.6473 0.8328556 491.88232 491.88232 
2.886405 340.3963 0.4775964 491.50516 491.50516 
2.923011 161.9196 0.8037148 491.59756 491.59756 
3.016212 775.2848 0.2034575 491.72421 491.72421 
3.016212 775.2848 0.2034575 491.85199 491.85199 
3.052873 198.7812 0.6209342 491.33975 491.33975 
3.124533 457.9698 0.2151924 492.16953 492.16953 
3.126907 419.0504 0.2342005 492.01154 492.01154 
3.233156 148.3438 0.7843637 491.45255 491.45255 
3.244891 397.3744 0.272462 491.87335 491.87335 
3.513243 818.8841 0.4220867 491.7912 491.7912 
3.646674 114.8486 0.4190635 493.56042 493.56042 
3.659217 114.8486 0.4187944 493.5383 493.5383 
3.663534 114.8486 0.4161724 493.40503 493.40503 
3.664024 218.0172 0.3195127 492.36166 492.36166 
3.664024 218.0172 0.3195127 492.21121 492.21121 
3.69426 114.8486 0.4133173 493.43936 493.43936 
3.706662 114.8486 0.4072898 493.49509 493.49509 
3.710138 120.2948 0.4505782 492.98129 492.98129 
3.714369 114.8486 0.4108728 493.41675 493.41675 
3.717628 464.4996 0.3003889 491.43851 491.43851 
3.735596 101.6381 0.8584406 491.68033 491.68033 
3.80231 242.2882 0.4567517 491.56638 491.56638 
3.823441 703.362 0.2525749 491.56705 491.56705 
3.850779 630.4125 0.4334946 491.94983 491.94983 
3.871119 456.5274 0.5182994 492.03827 492.03827 
3.871119 456.5274 0.5182994 491.97528 491.97528 
3.962933 690.5043 0.4334292 492.34457 492.34457 
3.970066 304.7069 0.1954595 492.11673 492.11673 
4.106325 1214.871 0.1005319 492.03207 492.03207 
4.155913 146.8615 0.5467788 491.88931 491.88931 
4.162581 466.2537 0.2947708 491.89923 491.89923 
4.230734 42.82674 0.946553 494.56906 494.56906 
4.386964 151.2665 0.2922408 493.03775 493.03775 
4.549999 360.5766 0.2749165 491.8403 491.8403 
4.558793 1069.707 0.2239023 492.6951 492.6951 
4.703983 144.1499 0.4908779 491.8396 491.8396 
4.703983 144.1499 0.4908779 491.93887 491.93887 
4.795308 258.9943 0.3374339 491.68503 491.68503 
4.799527 132.8508 0.3848622 492.53845 492.53845 
4.812079 227.1885 0.3019201 491.97214 491.97214 
4.938645 349.0559 0.0885138 492.17755 492.17755 
4.940992 118.3758 0.2866482 493.48901 493.48901 
5.012312 290.2829 0.4366209 492.29993 492.29993 
5.311263 123.6101 0.4846306 492.314 492.314 
5.356328 181.0653 0.4363888 492.39078 492.39078 
5.375221 233.4574 0.553931 492.79977 492.79977 
5.507333 793.9953 0.09823158 492.7446 492.7446 
5.507333 793.9953 0.09823158 492.745 492.745 
5.721064 107.6095 0.661642 492.65332 492.65332 
5.721082 827.5571 0.07745792 492.91669 492.91669 
5.781284 813.5644 0.1767009 493.51169 493.51169 
5.807961 125.3738 0.2670994 493.3526 493.3526 
6.290308 240.3068 0.08283785 492.61624 492.61624 
6.290449 246.1931 0.1042276 492.46869 492.46869 
6.338975 172.0326 0.1421085 493.04175 493.04175 
6.482976 125.3765 0.2504236 493.29739 493.29739 
6.808229 280.0778 0.1302482 492.89264 492.89264 
6.965814 390.2276 0.0360817 492.89334 492.89334 
6.965814 390.2276 0.0360817 492.94577 492.94577 
7.65425 146.3767 0.3132212 493.32352 493.32352 
7.65425 182.4912 0.2183656 493.36038 493.36038 
7.65425 190.1915 0.2446929 493.01669 493.01669 
7.65425 198.3604 0.2152573 493.13397 493.13397 
7.65425 208.4026 0.1991436 493.20276 493.20276 
7.65425 225.9592 0.1563609 493.09753 493.09753 
8.393558 187.1831 0.0636198 493.68555 493.68555 
8.475153 234.2573 0.03348549 493.8573 493.8573 
9.805639 143.3587 0.1383374 494.39282 494.39282 
10.47068 129.0891 0.1162755 495.02161 495.02161 
10.47068 129.0891 0.1162755 495.01117 495.01117 
