1.502388 1522.116 0.3016791
1.542658 2796.006 0.0001635035
1.567875 2223.158 0.3168993
1.573612 1618.183 0.3432351
1.593769 975.0246 0.0001635035
1.669561 1940.275 0.04630235
1.787951 2107.31 0.06644378
1.880499 2392.713 0.4515607
1.882389 1016.144 0.3312007
1.90498 2081.817 0.0001635035
1.920076 196.1162 0.7751682
1.937445 1631.55 0.06924318
1.948661 901.8925 0.3041993
1.97143 1757.3 0.0001635035
1.972253 774.2819 0.4087121
1.973434 391.9113 0.6131724
1.982966 2409.754 0.4786424
2.008465 2577.516 0.8430052
2.023765 2295.72 0.1416984
2.023765 2300.998 0.1679121
2.023765 2319.561 0.1789106
2.023765 2358.302 0.2004939
2.023765 2410.019 0.1670251
2.023765 2541.034 0.1423205
2.082454 1344.49 0.3737823
2.104498 1397.998 0.309449
2.129079 2662.686 0.07641717
2.130015 1695.521 0.05714428
2.204854 1428.836 0.2833277
2.262722 1508.639 0.3767818
2.287697 1454.633 0.06441343
2.290093 1302.325 0.2701209
2.290445 1733.926 0.5025231
2.29196 1519.215 0.1157669
2.374162 828.192 0.3755812
2.387213 1906.858 0.0001635035
2.404277 1146.224 0.648159
2.43094 2359.942 0.0001635035
2.442877 1868.275 0.4256734
2.452385 1781.799 0.221917
2.475526 178.7279 0.7803588
2.521592 1383.098 0.7286824
2.527707 2219.369 0.0001635035
2.546137 1003.375 0.106756
2.550315 2495.68 0.6325035
2.553212 1831.694 0.0001635035
2.59645 2307.204 0.5199831
2.651523 1014.721 0.7037306
2.655267 2137.952 0.288435
2.656966 2142.864 0.01336056
2.675708 720.0805 0.5472964
2.679168 2394.769 0.588698
2.685523 2789.611 0.05620851
2.691192 1045.877 0.3757419
2.702189 2692.157 0.01470986
2.712047 2206.583 0.04242104
2.719709 2491.082 0.06622214
2.725226 1243.864 0.06819245
2.728976 2639.858 0.3884608
2.730428 2855.274 0.1143866
2.732486 2495.93 0.07874293
2.736764 1191.663 0.5632494
2.751592 1241.446 0.3169227
2.767627 1926.051 0.3973938
2.770705 2772.64 0.01392853
2.775021 644.3346 0.6950823
2.78759 1517.713 0.09398204
2.819592 2489.739 0.4310059
2.833336 557.6127 0.06072311
2.839212 2049.789 0.1764928
2.85708 2494.363 0.1620774
2.875281 2559.928 0.06607426
2.905328 2336.61 0.02629488
2.90882 2471.862 0.07792016
2.910218 623.2306 0.5253492
2.921194 1219.794 0.169921
2.924465 1586.575 0.149786
2.934657 2954.553 0.5452428
2.944694 505.9052 0.4971385
2.946201 2313.844 0.0333584
2.950103 1532.631 0.6369014
2.960309 2588.814 0.07309937
2.971934 1978.626 0.0622103
2.973477 267.7448 0.5579687
2.979011 2711.76 0.5946261
2.994704 2503.017 0.003177924
3.016683 2416.484 0.1261402
3.04023 1107.688 0.1202177
3.073888 2829.476 0.2458635
3.107706 484.8601 0.7190329
3.113962 2519.261 0.03724392
3.121351 1847.783 0.1856886
3.144597 1735.014 0.691809
3.147963 313.1713 0.2958376
3.151338 2742.716 0.1145164
3.15144 2829.59 0.1209918
3.163835 1862.323 0.05215036
3.169464 1049.885 0.4949228
3.213966 2355.127 0.02824391
3.222251 1111.977 0.2004549
3.236799 2434.887 0.1835237
3.267439 2301.157 0.151259
3.279395 1720.975 0.5472915
3.285113 1643.565 0.1163696
3.28618 2758.178 0.06214564
3.3421 1156.482 0.04151722
3.358098 556.463 0.1570947
3.359649 1130.947 0.7911879
3.375922 2365.643 0.07905458
3.396052 1236.998 0.3890601
3.400855 582.662 0.7310307
3.434359 2598.637 0.02911792
3.447891 567.6069 0.4234067
3.467152 197.3728 0.519036
3.473901 2247.19 0.04389209
3.512595 146.704 0.754006
3.515061 358.8859 0.4862314
3.545598 1985.756 0.03513531
3.546716 1073.831 0.1155056
3.559171 2540.535 0.5319059
3.55975 841.1969 0.5752248
3.567377 1020.134 0.0001635035
3.584484 2396.712 0.4533896
3.599718 2818.855 0.008904935
3.600795 162.473 0.7503205
3.646611 1833.109 0.09625823
3.647268 2137.754 0.1229476
3.725182 2383.706 0.265503
3.757548 2500.379 0.2579052
3.763355 1379.772 0.6860514
3.797996 157.0533 0.7455674
3.835858 1410.907 0.01694856
3.846799 1956.686 0.290835
3.874225 2726.169 0.1736977
3.884929 500.029 0.22573
3.911732 283.8866 0.4439318
3.933237 2111.524 0.01977944
3.983588 764.9418 0.143683
4.02942 250.4289 0.4744588
4.031341 226.5852 0.1818851
4.051845 453.269 0.3104913
4.062692 2178.093 0.3778918
4.091658 1597.629 0.02326892
4.147572 1341.816 0.6654787
4.192118 318.0668 0.7175723
4.205423 622.8443 0.5996828
4.289931 1382.713 0.0001635035
4.37735 2462.03 0.371111
4.384402 1558.051 0.0001635035
4.39168 2170.272 0.0001635035
4.404137 1088.8 0.09884496
4.40451 966.2597 0.2873962
4.41249 2058.468 0.491362
4.457375 74.32566 0.6200944
4.468714 1638.534 0.0001635035
4.471321 2480.485 0.3423834
4.487139 1533.263 0.7634281
4.538233 284.72 0.0001635035
4.541114 1409.595 0.1032435
4.551729 921.8577 0.3071809
4.597653 850.9639 0.3921671
4.700488 193.3981 0.6967075
4.738477 366.4099 0.3043353
4.792068 834.1984 0.2357611
4.862931 612.9703 0.5489232
4.922405 1.162293 0.583245
4.941913 1792.136 0.1832098
4.959757 960.1159 0.0001635035
4.974032 1176.886 0.0001635035
5.001912 74.32566 0.6086586
5.091107 629.3085 0.04918734
5.131742 1744.619 0.1774597
5.142594 1262.888 0.0001635035
5.158731 1624.527 0.0001635035
5.186122 2142.158 0.1317157
5.205266 2298.281 0.09917623
5.21059 1253.653 0.1055653
5.246792 2658.654 0.07483667
5.253297 157.7758 0.6252478
5.274509 45.17643 0.3168891
5.303165 893.4509 0.2993562
5.371409 1255.681 0.2661361
5.541304 1396.979 0.003114274
5.56092 264.9629 0.0001635035
5.621399 184.9801 0.4994174
5.697466 617.4769 0.05353993
5.70947 955.6877 0.3684235
5.722738 121.4405 0.697358
5.751683 858.212 0.4871885
5.768468 909.3422 0.1732975
5.786086 1247.376 0.2085209
5.798438 1300.548 0.307994
5.824223 576.1019 0.6066275
5.842008 1916.035 0.1912049
5.923199 74.32566 0.5305061
5.970112 121.2067 0.6906797
5.976811 362.9613 0.4240457
6.076932 669.5347 0.3271607
6.120454 831.425 0.1081414
6.150146 1.162293 0.5784539
6.164326 851.9716 0.285487
6.166668 786.6553 0.4476714
6.263278 294.2189 0.2431639
6.336316 2406.829 0.03103713
6.459008 1237.069 0.0001635035
6.488016 1622.391 0.2550217
6.53856 577.8982 0.3326846
6.584061 1637.256 0.1911286
6.624193 299.5356 0.02595417
6.657028 74.32566 0.5645081
6.661081 1799.921 0.1086469
6.748703 1727.806 0.08082502
6.791737 910.686 0.6489403
6.79231 1542.09 0.4272275
6.847794 404.1936 0.09820307
6.853238 115.7985 0.2690095
6.954554 243.1666 0.2620702
6.989332 277.8502 0.0001635035
7.011773 746.9322 0.3285374
7.060543 74.32566 0.5661038
7.072527 74.32566 0.5739292
7.077531 1399.008 0.06413201
7.191369 787.3686 0.1900331
7.252691 1571.463 0.2829821
7.287194 1583.919 0.3257638
7.574041 368.0243 0.3757655
7.603905 90.42257 0.6149973
7.603905 120.7687 0.2017363
7.603905 145.2022 0.5855266
7.603905 157.7566 0.6357414
7.603905 173.2739 0.6438086
7.603905 2411.562 0.1137165
7.663915 482.3853 0.1461543
7.669405 553.4628 0.1367023
7.814798 530.6308 0.1822885
7.837817 766.6288 0.0001635035
8.014155 180.2939 0.5724875
8.044504 250.3522 0.06697189
8.09175 220.5546 0.188283
8.318689 272.0317 0.07414191
8.46955 1042.309 0.01047586
8.600459 467.2633 0.3800005
8.621018 159.0132 0.134079
8.648291 779.3554 0.1789879
8.869374 454.6835 0.4155092
8.954615 1279.451 0.1845153
9.059675 370.9185 0.1349657
9.520305 1.162293 0.5539993
10.8632 713.6838 0.0001635035
11.2353 301.9213 0.3060917
# initCovFnParam= 2.9549948674273 401.759266617187 1.04049557682483 4
