1.424574 1385.314 0.2402914
1.440529 685.517 0.7230781
1.582512 204.4876 0.7562659
1.778884 1961.185 0.6649602
1.780522 884.4913 0.6870316
1.792318 2310.18 0.2686862
1.808388 625.8606 0.6539986
1.823082 2367.664 0.2244061
1.865557 449.4528 0.3719312
1.897617 2052.744 0.07625552
1.928972 252.306 0.6012775
1.942928 725.8646 0.6116183
1.959417 1816.737 0.4719195
2.021887 1488.148 0.22525
2.021887 1920.897 0.2061517
2.021887 1948.229 0.1861513
2.021887 2051.659 0.1777983
2.021887 2059.092 0.2069652
2.021887 2066.08 0.143118
2.062233 2431.946 0.1833084
2.086032 1082.047 0.6124759
2.159361 1123.753 0.5521112
2.171911 1175.799 0.3224879
2.184661 1407.751 0.2387927
2.191258 1360.681 0.2768398
2.196522 1309.909 0.4861819
2.232086 222.5067 0.575445
2.316391 1360.695 0.6485951
2.343075 2580.344 0.5582913
2.359265 264.0506 0.6911433
2.394888 365.7858 0.5764328
2.399246 863.4306 0.7360561
2.426561 1075.522 0.5483896
2.430882 2824.429 0.2965853
2.515081 2768.372 0.4138005
2.560285 1639.74 0.4844054
2.648335 269.781 0.4097325
2.693233 284.1801 0.6654168
2.707666 1946.717 0.2230856
2.712186 244.7367 0.5982422
2.728075 781.7957 0.3286631
2.765729 735.6679 0.5855759
2.785449 547.0407 0.5492144
2.788091 1629.12 0.5139735
2.793341 1927.442 0.258509
2.829309 1755.665 0.1909792
2.836831 2529.227 0.4206734
2.838036 2945.484 0.4451017
2.839646 658.9523 0.2096574
2.842548 1704.931 0.05679419
2.845876 1127.85 0.471501
2.849276 1363.115 0.6247808
2.849355 2945.484 0.4493269
2.849746 2945.484 0.4554074
2.851678 967.4526 0.1770819
2.853357 60.92559 0.6052984
2.854773 2945.484 0.4565093
2.856713 2945.484 0.4528804
2.873358 2364.37 0.7735014
2.876575 1228.627 0.4595956
2.879042 2945.484 0.4585328
2.895468 2313.148 0.3810521
2.898972 1817.875 0.06148519
2.905697 1591.54 0.01248037
2.931865 1502.651 0.05997915
2.943104 1371.795 0.1238579
2.963554 1871.091 0.6171489
2.980688 2260.294 0.006165889
2.99871 1401.09 0.5987498
3.005043 443.7515 0.5555678
3.033491 2059.87 0.156244
3.046245 2431.827 0.06703268
3.054267 2403.348 0.07786226
3.109089 2454.079 0.02633056
3.116705 1882.56 0.06075512
3.146249 198.0299 0.4087992
3.177152 195.2062 0.5960424
3.193321 1466.122 0.1022676
3.193525 780.408 0.5820629
3.201294 1902.616 0.1902782
3.214377 2062.742 0.03471894
3.218787 1946.169 0.003449844
3.223175 254.4048 0.44559
3.231929 2309.497 0.6441513
3.234946 232.1293 0.4908552
3.235823 2293.803 0.2857996
3.254898 243.6662 0.5716416
3.265952 2777.532 0.5882012
3.266621 2756.352 0.09317466
3.273641 505.6677 0.3612114
3.277407 138.4194 0.727334
3.327339 2085.888 0.5824005
3.366631 245.0892 0.4226288
3.382831 465.2267 0.4698527
3.389636 138.6764 0.4421162
3.401917 264.1605 0.5516192
3.415881 999.4348 0.6622413
3.419665 214.5937 0.6716603
3.439045 1489.892 0.5894179
3.439582 587.9802 0.6694276
3.450115 2164.985 0.008279337
3.458403 1000.38 0.2523266
3.461185 2663.057 0.2703229
3.466677 502.3552 0.3298811
3.468364 1812.057 0.0698174
3.471193 476.4862 0.3515987
3.483465 1642.655 0.02759623
3.502991 2847.705 0.4176691
3.50355 174.0845 0.3060105
3.520872 906.6472 0.009538794
3.556504 1673.059 0.109071
3.558803 2386.773 0.1829231
3.568037 177.8967 0.6104588
3.57617 1293.882 0.3627857
3.59188 647.8542 0.3072169
3.604079 909.0156 0.1419048
3.641473 151.0856 0.3768715
3.656062 712.836 0.7525588
3.656445 2803.387 0.1703479
3.676868 2019.571 0.2906848
3.720321 0.9035286 0.9268384
3.730935 1241.101 0.01563862
3.731318 2038.843 0.5898358
3.757657 177.0116 0.5320287
3.765992 651.4919 0.08940551
3.766458 485.1128 0.0412524
3.786198 582.203 0.6404163
3.787447 243.2329 0.7330912
3.929974 175.8788 0.4529925
3.953609 2223.386 0.9252702
4.022012 1755.824 0.6796616
4.030244 2354.976 0.382191
4.127849 1885.928 0.07348507
4.132077 1712.833 8.175175e-05
4.149433 606.1139 0.1848403
4.168409 71.49073 0.6167122
4.174237 596.9781 0.1768418
4.177065 176.7273 0.6319524
4.195495 1185.673 0.01857451
4.199521 1839.472 0.2184796
4.229191 1793.598 0.1189753
4.248403 1131.747 0.6164985
4.302714 928.9046 0.4047208
4.357975 2747.799 0.332865
4.373762 1202.513 0.0255949
4.383744 1716.215 0.611076
4.402396 276.8712 0.0435256
4.405371 71.49073 0.6091588
4.409275 71.49073 0.6025379
4.449271 175.6045 0.4941896
4.450933 0.9035286 0.638086
4.487844 170.2268 0.4767057
4.493749 1860.632 0.4938617
4.504498 71.49073 0.6081021
4.558359 994.6195 0.1209063
4.584191 138.6843 0.5578926
4.590075 103.9675 0.5905321
4.623134 327.0366 0.1872582
4.699384 175.2076 0.4897661
4.73882 1575.499 0.6139
4.800162 1029.308 0.5381421
4.864314 71.49073 0.5832001
4.980567 1465.803 0.0511607
4.992609 71.49073 0.5978793
5.011294 984.9282 0.3486824
5.020585 1272.124 0.4321319
5.043433 0.9035286 0.6617036
5.046364 0.9035286 0.6825086
5.114715 2424.724 0.1114754
5.128907 1522.991 0.0008226409
5.151341 1336.216 0.3992584
5.154593 1346.262 0.2121273
5.158245 127.5417 0.1997814
5.170752 491.9301 0.05874848
5.193315 745.6896 0.1252789
5.283014 201.0539 0.2139386
5.289256 1093.239 0.1080444
5.371934 0.9035286 0.972479
5.385374 324.5998 0.1627482
5.392516 1554.671 0.6193579
5.441456 1714.763 0.2400808
5.450471 1557.789 0.4077136
5.516325 638.8347 0.02660809
5.519667 0.9035286 0.8351076
5.536679 2021.508 0.5583127
5.559319 1577.883 0.2343796
5.689193 603.5344 0.6102068
5.803284 0.9035286 0.7084108
5.825395 1080.273 0.4504985
5.828963 2788.603 8.175175e-05
5.885991 1000.087 0.1751469
5.920983 1915.89 0.08378979
5.935763 44.99497 0.3770631
5.989161 1977.81 0.2592476
6.040813 854.5098 0.1573008
6.044295 1902.661 0.1887173
6.116025 0.9035286 0.7870527
6.134181 1933.054 0.06641537
6.145881 2354.449 0.383357
6.164948 415.7133 0.2614273
6.232258 911.84 0.06781156
6.297633 470.928 0.1009486
6.320688 713.6495 0.06420969
6.334764 1572.641 0.01706832
6.437122 0.9035286 0.5650046
6.499441 216.1382 0.1651524
6.60701 0.9035286 0.5405077
6.645306 1173.37 8.175175e-05
6.863805 1293.171 0.1560213
6.889888 2481 0.0498334
6.902985 2442.972 0.008165568
7.061904 512.1053 0.3021849
7.088076 0.9035286 0.7692377
7.258456 0.9035286 0.6013548
7.30721 113.6371 0.2469588
7.330161 734.5154 0.3537393
7.365488 803.9573 0.345658
7.383175 681.5078 0.1800075
7.535983 1862.82 0.1379801
7.593218 466.3909 0.2313008
7.622094 339.7286 0.3044746
7.665956 1271.558 0.02630766
7.701601 181.3068 0.3037417
7.701601 225.6445 0.09959354
7.701601 286.4164 0.1270722
7.701601 287.6121 0.06511977
7.701601 312.8643 0.02578403
7.701601 358.9435 0.03027914
7.817941 832.8238 0.04971817
7.817989 190.8202 0.1980268
7.907593 1645.516 0.02120807
7.995985 1152.888 0.02788754
8.019151 416.7713 8.175175e-05
8.297102 1292.234 0.3145807
8.394874 197.9002 0.261396
8.401676 1772.987 0.1934043
8.493099 786.6344 0.2081035
8.498014 157.833 0.497962
8.520828 190.6859 0.4862199
8.712553 531.9553 0.265078
8.774343 139.1018 0.2691078
9.012277 175.5008 0.7315576
9.110375 859.1909 0.2233127
9.143113 173.627 8.175175e-05
9.296967 376.527 0.1016416
9.399529 1506.438 0.0490346
9.402625 0.9035286 0.5276827
9.457288 1035.294 0.07966393
9.858118 423.1749 0.381653
10.32832 419.7523 8.175175e-05
# initCovFnParam= 2.88760156662845 411.619975792224 1.11251500685664 4
