## Sat May 29 14:13:05 2021; Sample: 1; # of loci: 1; NrunsPerPoint=30;
## pointmin=1  pointmax=100 out of PointNumber=100
1.399055 1.611384 0.6336375 610.70123 610.70123 
1.493779 2337.105 0.5017063 497.60193 497.60193 
1.656544 1.611384 0.6804791 601.1618 601.1618 
1.813217 1.611384 0.5916078 597.94965 597.94965 
2.088893 673.9998 0.603737 493.0434 493.0434 
2.126138 1.611384 0.5884041 590.23822 590.23822 
2.167779 663.0127 0.7037758 493.47766 493.47766 
2.167779 667.0029 0.7173565 493.52884 493.52884 
2.167779 676.5964 0.7068421 493.54123 493.54123 
2.167779 685.8301 0.7028321 493.53537 493.53537 
2.167779 685.8301 0.7028321 493.54196 493.54196 
2.167779 691.8537 0.7201217 493.56308 493.56308 
2.167779 699.1134 0.7088568 493.67526 493.67526 
2.170398 706.8203 0.5725437 492.87024 492.87024 
2.200531 287.6642 0.6502165 492.58008 492.58008 
2.340502 558.6013 0.4117067 492.46228 492.46228 
2.341138 392.1057 0.730521 492.6322 492.6322 
2.362276 1172.757 0.4696701 492.71213 492.71213 
2.607424 424.1759 0.421967 492.21411 492.21411 
2.768543 95.40287 0.6672669 493.24866 493.24866 
2.787915 1014.251 0.5144426 492.25446 492.25446 
2.787915 1014.251 0.5144426 492.07602 492.07602 
2.804377 1872.513 0.5788629 493.34448 493.34448 
2.811689 1872.513 0.5818514 493.47525 493.47525 
2.831243 268.3038 0.7873105 492.02127 492.02127 
2.832367 1872.513 0.5770927 493.32111 493.32111 
2.842015 1872.513 0.5889131 493.52588 493.52588 
2.851652 1872.513 0.5889833 493.54645 493.54645 
2.854051 106.4315 0.6468981 492.79132 492.79132 
2.870099 1872.513 0.596351 493.61789 493.61789 
2.914426 110.5385 0.6310019 492.513 492.513 
2.98408 112.4152 0.7427151 491.80466 491.80466 
2.98408 112.4152 0.7427151 491.70123 491.70123 
3.078104 1312.55 0.9181724 495.31097 495.31097 
3.160559 273.3887 0.4405685 491.72958 491.72958 
3.180492 106.1112 0.6508858 492.16464 492.16464 
3.199562 221.4269 0.7059477 491.46637 491.46637 
3.276055 639.7294 0.569932 491.98611 491.98611 
3.43344 1142.367 0.6382938 493.51456 493.51456 
3.43368 93.88599 0.6108711 492.67044 492.67044 
3.502674 709.2959 0.4787831 491.77969 491.77969 
3.504169 759.9299 0.3486523 491.69418 491.69418 
3.560973 811.5001 0.497705 492.20145 492.20145 
3.560973 811.5001 0.497705 492.25626 492.25626 
3.575243 1217.122 0.3491157 492.04651 492.04651 
3.649187 154.4376 0.4824727 492.19534 492.19534 
3.682566 94.21266 0.5875109 492.55154 492.55154 
3.794798 1243.979 0.2568507 492.0882 492.0882 
3.844982 337.9657 0.4144275 491.55649 491.55649 
3.879094 133.2463 0.4423162 492.48599 492.48599 
3.89249 95.40287 0.5081712 493.23959 493.23959 
3.966734 1454.432 0.3202634 492.75815 492.75815 
4.022989 95.40287 0.4943453 493.06183 493.06183 
4.033263 291.215 0.4257538 491.67398 491.67398 
4.033263 291.215 0.4257538 491.59357 491.59357 
4.057206 811.3661 0.1830274 491.82666 491.82666 
4.092608 1863.889 0.3740326 493.52267 493.52267 
4.120353 181.9898 0.4498239 491.90057 491.90057 
4.419827 95.40287 0.4654911 493.06912 493.06912 
4.432105 95.40287 0.4651614 492.89423 492.89423 
4.461498 292.0309 0.3886759 491.79565 491.79565 
4.472041 95.40287 0.4609605 493.04901 493.04901 
4.629588 235.2235 0.3834954 491.74057 491.74057 
4.798892 374.7462 0.2880912 492.03729 492.03729 
4.838046 668.6918 0.1601088 492.34982 492.34982 
4.838046 668.6918 0.1601088 492.22635 492.22635 
5.146248 132.3036 0.3901618 492.71832 492.71832 
5.146248 145.5955 0.4091086 492.22363 492.22363 
5.146248 165.7111 0.4145445 492.26608 492.26608 
5.146248 198.4041 0.408885 492.16422 492.16422 
5.146248 204.3007 0.3803979 492.26605 492.26605 
5.146248 223.961 0.3999756 491.97461 491.97461 
5.169299 896.0686 0.4300745 494.18799 494.18799 
5.27848 805.7847 0.4269286 494.12393 494.12393 
5.396508 531.6601 0.2082497 492.56818 492.56818 
5.451994 993.8846 0.1050858 492.96439 492.96439 
5.451994 993.8846 0.1050858 492.98404 492.98404 
5.569826 907.05 0.1686786 493.1731 493.1731 
5.580178 440.791 0.2341382 492.54001 492.54001 
5.677875 193.0538 0.349838 492.27164 492.27164 
5.770686 525.0396 0.01572008 492.36841 492.36841 
5.881212 462.4831 0.1792334 492.70392 492.70392 
6.174707 1153.591 0.1303904 494.40701 494.40701 
6.252394 232.1903 0.3490073 492.65756 492.65756 
6.28088 486.2581 0.4098757 494.48239 494.48239 
6.328656 828.4811 0.3636901 495.42633 495.42633 
6.3432 618.6895 0.2972506 494.22385 494.22385 
6.3432 618.6895 0.2972506 494.22305 494.22305 
6.369825 310.011 0.01572008 492.60657 492.60657 
6.372654 948.9504 0.3141789 495.42731 495.42731 
6.412867 429.0942 0.3782703 494.09125 494.09125 
6.448405 930.9794 0.01572008 493.74475 493.74475 
6.458328 475.8521 0.1871066 493.15512 493.15512 
6.523459 1112.038 0.09693816 494.42511 494.42511 
6.535364 1150.018 0.07263154 494.48862 494.48862 
6.602989 414.1314 0.3472603 494.00839 494.00839 
6.637619 756.7293 0.3718092 495.67896 495.67896 
6.66856 351.9445 0.3453003 493.70917 493.70917 
6.66856 351.9445 0.3453003 493.74194 493.74194 
6.710515 680.8446 0.3702584 495.57278 495.57278 
6.805435 678.7107 0.3689373 495.68399 495.68399 
6.976808 1513.345 0.01572008 495.2009 495.2009 
7.0238 627.2454 0.01572008 493.31665 493.31665 
7.450132 327.8054 0.1203938 493.19843 493.19843 
7.621111 651.9328 0.1000741 494.41953 494.41953 
7.686295 674.8097 0.1565974 494.99481 494.99481 
7.999332 341.4172 0.1078388 493.76822 493.76822 
8.082539 899.8404 0.01572008 495.10553 495.10553 
8.432246 1.611384 0.1428612 530.13751 530.13751 
8.432246 1.611384 0.1428612 530.01648 530.01648 
