1.342739 5486.338 4.687755e-06
1.415 1458.243 0.7862754
1.724554 1765.551 0.2145528
1.736405 8063.623 0.7124122
1.745627 7221.836 0.7811436
1.757953 5686.595 0.7089674
1.75868 3592.565 0.5747493
1.790063 3812.976 0.8105753
1.82294 2341.704 4.687755e-06
1.849016 5018.243 0.2100492
1.880289 8041.708 0.5728124
1.885876 9993.138 0.2050069
1.886269 8079.447 0.6768275
1.908058 1990.686 0.3420519
1.919337 9330.998 0.2620905
1.987317 1552.24 0.4274826
2.010195 7069.666 0.2474877
2.018243 408.5887 0.6273585
2.018243 503.7724 0.5534499
2.018243 705.4012 0.5377636
2.018243 744.8766 0.5783858
2.018243 765.2464 0.6138474
2.018243 1122.95 0.3722478
2.027177 3992.934 4.687755e-06
2.038176 2861.034 0.004790676
2.041045 5832.155 4.687755e-06
2.070805 7026.947 0.3092185
2.081114 5841.027 0.03989073
2.082836 2717.21 0.3206316
2.086079 7261.698 0.5550924
2.097485 3820.929 0.4396926
2.131773 3091.151 4.687755e-06
2.142661 285.633 0.2971616
2.166441 481.5927 0.6649646
2.173752 1991.661 0.1224054
2.19538 358.933 0.3289935
2.222716 3263.624 4.687755e-06
2.232347 9415.047 0.1088534
2.235533 8610.433 0.11572
2.247882 3951.111 0.5570572
2.288797 1558.012 0.5849854
2.305406 3062.13 4.687755e-06
2.324277 8482.317 0.4144682
2.347764 8304.922 0.306837
2.36803 8812.431 0.144759
2.39037 5316.4 4.687755e-06
2.401736 5445.332 0.04594388
2.449193 1807.752 0.2693842
2.460479 9969.342 0.1558675
2.476307 3455.16 0.7002108
2.482153 8466.425 0.4737655
2.488664 1165.525 0.1181395
2.493576 7368.94 0.1647209
2.502787 5353.647 4.687755e-06
2.517541 8175.448 0.485541
2.534767 380.6035 0.2947896
2.542244 8341.51 0.2786087
2.554104 4928.658 0.1625191
2.593175 2917.326 0.7542489
2.593388 5140.205 0.3483365
2.65477 646.5305 0.414634
2.675202 1183.458 0.3759317
2.675345 276.843 0.6992794
2.682413 3476.112 0.1667437
2.682537 2201.999 0.1102521
2.707916 8952.149 0.05150243
2.715948 2782.768 0.4886178
2.733892 848.2638 0.5156042
2.737324 1077.721 0.4988999
2.743648 3231.663 0.1266274
2.744283 1238.397 0.3764735
2.755536 317.9054 0.5389555
2.760327 321.2929 0.5627589
2.767864 317.757 0.6294623
2.778673 5993.304 0.16044
2.788056 8444.783 0.1856174
2.807412 792.6719 4.687755e-06
2.815196 726.3935 0.3503275
2.823858 246.7506 0.3642744
2.823918 1477.548 0.2626362
2.827497 5661.359 0.1987313
2.83992 299.4882 0.3722993
2.846445 314.6559 0.6331972
2.846866 315.8714 0.6386998
2.848123 8592.915 0.1401467
2.849647 1138.601 0.192329
2.851068 730.9301 0.02945805
2.859968 4246.344 0.004600205
2.873059 1153.441 0.327402
2.880064 5185.946 4.687755e-06
2.914186 1416.607 0.1465712
2.921446 1096.331 0.07542645
2.925302 8438.944 0.02611891
2.934544 9226.349 0.6366955
2.966423 6328.547 0.412107
2.970456 1080.098 0.594123
2.9705 1250.629 0.06474602
2.972232 2927.578 0.2972322
2.988588 316.2942 0.6923831
3.011603 681.1763 0.5626478
3.012115 10285.3 0.1546716
3.028351 421.8149 0.4511461
3.050107 1578.089 0.2479194
3.053095 5545.524 0.4209018
3.056079 4602.924 0.1584769
3.056871 140.9533 0.3738347
3.061678 213.7792 0.6249219
3.063616 5421.54 0.09514562
3.068887 1397.067 0.2237181
3.084573 8083.504 0.8489215
3.090425 2452.11 0.4944057
3.091416 4205.954 0.2514788
3.094017 4868.189 0.4115408
3.101646 5008.296 0.1671279
3.10176 222.7213 0.7684498
3.106535 3724.406 0.05009636
3.115416 826.5822 0.2389528
3.12118 798.1327 0.4931377
3.14057 3007.258 0.2287709
3.165295 8022.851 0.08116892
3.177529 3099.928 0.2568026
3.19042 275.577 0.9634447
3.199515 3312.853 0.5553221
3.200987 322.0245 0.6648299
3.230991 4710.789 0.9588795
3.246422 214.0589 0.5285784
3.248003 6998.848 0.3731139
3.254906 560.081 0.5509077
3.287044 8381.88 0.7737931
3.305593 9077.568 0.2024526
3.308327 2495.959 0.9977087
3.31732 1451.326 0.7381626
3.341069 4069.146 0.5738852
3.34621 3693.895 4.687755e-06
3.366695 321.6618 0.3875816
3.404041 9093.19 0.08913392
3.426558 8853.193 0.3048323
3.465682 6279.833 0.2495592
3.491753 1294.859 0.4800872
3.491986 3391.088 0.3152762
3.492714 228.5657 0.6235634
3.494041 5123.37 0.2672721
3.499439 7339.684 0.3278837
3.518901 2978.055 0.555776
3.52188 5148.647 0.8561445
3.525838 2530.55 4.687755e-06
3.557807 1846.077 0.1443386
3.569 1982.268 0.6982483
3.585447 272.0047 0.8723641
3.592047 9797.382 0.09350329
3.59241 2406.59 0.2085088
3.594623 3943.513 0.2937401
3.596409 7515.229 0.02412768
3.619133 6354.542 0.1916115
3.627193 469.8352 0.7156413
3.62826 1428.005 0.5366525
3.660903 248.8249 0.5405645
3.665722 3891.758 0.03131496
3.670299 52.13646 0.8220725
3.680764 52.13646 0.8307525
3.685638 52.13646 0.8322373
3.68564 268.928 0.6442228
3.689581 450.5947 0.5277071
3.694593 52.13646 0.830057
3.700298 52.13646 0.8322415
3.704616 52.13646 0.8342695
3.741087 195.0547 0.608022
3.747266 6261.018 4.687755e-06
3.786406 5372.721 0.2381959
3.828337 1570.522 0.1089406
3.833674 4850.344 0.2607122
3.834556 987.548 0.8237426
3.868795 273.9945 0.6751049
3.869849 303.292 0.7151464
3.879162 5212.839 0.2420897
3.902091 4181.167 0.6758317
3.904668 8766.663 0.07524845
3.90537 10109.02 0.4994093
3.938107 4376.533 0.197197
3.979469 3186.767 0.4761487
4.00654 1238.726 0.7224456
4.010412 1247.448 0.8696322
4.014836 4297.603 0.1776609
4.020606 3211.765 0.4410017
4.053735 9290.815 0.1952059
4.058872 363.1603 0.6160854
4.06877 285.699 0.3983835
4.12002 719.4442 0.2345156
4.167696 224.6662 0.718449
4.206879 10246.08 4.687755e-06
4.253525 6637.424 0.04516842
4.257628 5201.84 0.9995882
4.284251 1517.08 0.1472761
4.33565 2651.255 0.3834328
4.358124 6321.998 0.7023316
4.359099 4711.511 0.1702015
4.383295 2979.855 0.4635885
4.400942 1499.62 0.4097727
4.484628 2333.516 0.9610363
4.485533 1041.519 0.2553425
4.492354 2165.25 0.4908499
4.512747 6684.035 0.05963195
4.526579 7333.058 0.08314379
4.536101 871.9226 0.1047985
4.544477 846.6548 0.2371527
4.582257 10854.74 4.687755e-06
4.620761 6333.112 0.09386003
4.747746 7254.868 0.03166839
4.777096 2821.438 0.1074649
4.81429 0.8237898 0.761456
4.86496 1362.473 0.112921
4.867053 5261.97 0.02536082
4.933947 2820.334 0.476972
4.95114 3814.651 0.06244566
5.005103 1764.541 0.1064044
5.058525 3887.288 4.687755e-06
5.079706 8913.382 0.1428163
5.147932 200.4146 0.7774452
5.147932 231.8584 0.8106425
5.147932 398.0322 0.619759
5.147932 457.7998 0.488466
5.147932 487.8515 0.2958281
5.147932 633.2406 0.3393732
5.158812 0.8237898 0.5848574
5.181167 287.7951 0.7685773
5.232366 6503.626 0.3690621
5.403393 5376.174 0.01412674
5.421364 2141.382 4.687755e-06
5.453357 2705.414 0.01862079
5.490457 1395.76 0.1143896
5.500211 1394.459 0.09835262
5.516042 4429.89 0.0682161
5.517639 608.3804 0.2901566
5.530626 3697.689 4.687755e-06
5.587627 7017.037 0.0191013
5.713706 1717.361 0.8172744
5.714912 4820.35 0.07463075
5.719305 2799.178 0.08716288
5.808187 2730.746 0.0311999
5.826699 585.2191 0.4631086
5.910903 7828.683 8.78908e-05
6.068414 186.1522 0.7892652
6.138167 1546.952 0.04217242
6.163173 0.8237898 0.9995882
6.171958 157.1281 0.9995882
6.192506 0.8237898 0.9995882
7.0183 762.0572 0.6524123
7.022246 0.8237898 0.9995882
7.153238 0.8237898 0.9995882
8.457706 0.8237898 0.9995882
# initCovFnParam= 4.3873749869919 1128.1452830321 0.803980719018922 4
