1.421457 2584.192 0.9991764
1.527136 2910.911 0.1265018
1.704945 10174.67 0.4147722
1.805147 3206.978 0.9991764
1.80684 6314.942 0.3463846
1.819263 5356.771 0.6216769
1.852384 3366.996 9.37551e-06
1.857789 6665.356 0.4640598
1.879357 7179.299 0.1581831
1.901569 4415.637 0.9991764
1.93778 4510.055 0.06007439
1.941236 9118.226 0.2695765
1.946157 1017.959 0.4755766
1.957531 443.7421 0.5211273
1.957531 547.0223 0.5137848
1.957531 582.7389 0.5247514
1.957531 781.6923 0.4325636
1.957531 1017.862 0.4114586
1.957531 1146.278 0.4221725
1.986927 7415.521 0.519274
2.043069 8619.806 0.1746132
2.045741 4472.669 0.1955123
2.052251 2801.689 0.05740311
2.056857 4364.756 0.6318316
2.078409 1921.604 9.37551e-06
2.087332 2646.338 0.1320491
2.128889 9273.819 0.4785043
2.137512 8154.189 0.7579798
2.147424 6151.443 0.6730345
2.168307 8343.264 0.2423755
2.187763 794.711 0.1601621
2.195696 827.339 0.9991764
2.21429 1383.812 0.3829482
2.222956 5481.85 0.1856154
2.22454 3323.479 0.3564368
2.26312 1868.868 0.3240181
2.268372 6410.874 0.2572127
2.271522 5206.016 0.1703824
2.295291 4286.905 0.2061624
2.318726 1853.036 0.6392377
2.331938 5135.154 0.1318154
2.360796 9044.325 0.1977744
2.398607 4689.988 0.1583271
2.403747 3870.001 0.4367822
2.406187 3418.134 0.6330648
2.433013 4685.912 0.8775381
2.439327 7586.996 0.2120631
2.461923 2930.422 0.8017829
2.47901 291.2885 0.6279276
2.505162 10332.46 9.37551e-06
2.513615 391.8876 0.6257947
2.552887 1302.814 0.9142411
2.587155 6937.126 0.2187861
2.594016 2355.276 0.3797355
2.664465 3632.508 0.5734012
2.680265 2895.732 0.5050968
2.683919 8472.053 0.2366364
2.692971 2649.837 0.8710318
2.710755 508.2994 0.7585862
2.718927 1015.992 0.4543669
2.726256 0.8237898 0.8356025
2.727264 0.8237898 0.962977
2.728397 8508.986 0.2376945
2.73794 1425.729 0.2366651
2.744524 6199.326 9.37551e-06
2.747856 4878.038 9.37551e-06
2.755036 4800.34 0.3976796
2.759447 1425.815 0.378935
2.77792 316.4572 0.7915703
2.778728 6591.117 0.9991764
2.786979 0.8237898 0.9991764
2.80156 4613.474 0.1789075
2.812012 610.3789 0.4805202
2.832639 8902.884 0.2017203
2.859941 669.727 0.5219808
2.863112 722.2014 0.3707234
2.87713 6647.851 0.4722317
2.886745 261.6913 0.5995534
2.90096 2861.316 0.2218271
2.906017 7732.256 0.05946438
2.924989 984.4958 0.4586707
2.925759 556.3027 0.6898117
2.933726 523.3082 0.4891375
2.94313 3490.24 0.8715021
2.948129 3380.183 0.3558702
2.94947 2818.665 0.2118114
2.95372 6477.205 0.7523672
2.974808 473.7425 0.5485974
2.989497 439.8906 0.4737554
3.00778 410.4502 0.8328167
3.010342 1524.72 0.9991764
3.014079 557.4163 0.9106351
3.026658 8309.971 0.4735291
3.049 1469.967 0.3171973
3.049181 2737.756 0.4779406
3.05188 2249.712 0.5196368
3.062757 0.8237898 0.6637168
3.065043 4555.556 0.3775485
3.073067 251.1093 0.7735615
3.079773 7244.402 0.124626
3.09188 3424.127 0.05574169
3.095201 338.5496 0.5796651
3.107384 3634.42 0.4265344
3.115418 315.9059 0.8280604
3.119299 338.4435 0.6089578
3.130394 1905.967 0.3748009
3.142574 5145.045 0.4416611
3.148408 0.8237898 0.8759281
3.151635 1665.279 0.9729041
3.151939 312.2278 0.6702098
3.161585 274.0255 0.5381298
3.170897 338.8229 0.624708
3.188767 6983.645 0.276545
3.190507 5064.907 0.004838556
3.217109 4317.96 0.03170775
3.240377 465.4038 0.4904393
3.241294 2725.731 0.1743693
3.247182 338.7958 0.6335912
3.256543 7873.932 0.1506303
3.264046 338.7575 0.6094033
3.279303 4316.99 0.2299953
3.280272 339.4913 0.6052957
3.281788 814.9973 0.3877465
3.304395 1126.954 0.1231084
3.334639 0.8237898 0.6710521
3.349042 2979.517 0.1003626
3.365838 3797.785 0.5017023
3.372913 3736.759 0.1989525
3.378848 9870.855 0.1559399
3.389306 4812.076 0.04064608
3.402307 9449.89 0.2126428
3.403547 8232.816 0.9991764
3.411423 663.2975 0.4674613
3.422034 1818.696 0.1284929
3.435957 6225.413 0.3140941
3.463888 9427.101 0.06998548
3.469227 4014.313 0.5115089
3.469409 211.7035 0.6784845
3.471361 0.8237898 0.5682091
3.471498 3499.355 0.2687139
3.496663 397.9615 0.7987362
3.500221 2376.649 9.37551e-06
3.501495 6383.915 0.05802107
3.51177 4743.847 0.2131108
3.562579 8514.218 0.0568366
3.574192 3860.641 0.6497024
3.632613 1478.081 0.7754818
3.635185 51.58185 0.8180121
3.644163 3023.855 0.1993916
3.646494 51.58185 0.8220192
3.658245 51.58185 0.8253621
3.668348 51.58185 0.819541
3.671986 51.58185 0.8196499
3.673422 51.58185 0.8199535
3.681783 216.181 0.9191945
3.690689 5035.201 0.1041121
3.694132 6489.287 0.0719187
3.704693 3695.24 0.7222139
3.709576 388.7061 0.6382083
3.710886 9743.68 0.1385316
3.728561 7126.592 0.6325256
3.746662 177.2704 0.9424003
3.82392 1733.333 0.2275003
3.82905 1458.298 0.2315574
3.839193 4183.756 0.07961219
3.847977 1691.502 0.2293896
3.852465 3270.408 0.7859537
3.853172 6389.775 0.1034735
3.858245 7703.788 0.02157383
3.861457 0.8237898 0.9486586
3.899167 5436.288 0.6117814
3.900666 5089.793 0.2449542
3.910667 6434.354 0.04804351
3.921789 0.8237898 0.5988207
3.922425 9175.748 0.2052663
3.932951 7755.841 0.5895226
3.933698 9548.665 0.02542421
3.973237 3464.913 0.04849121
3.991258 205.798 0.8776467
4.022067 6974.989 0.04445349
4.022269 8450.729 0.10912
4.035133 4861.605 0.9991764
4.063654 1130.609 0.4486253
4.104868 3481.59 0.1973731
4.112 1516.52 0.9960175
4.112069 4553.081 9.37551e-06
4.121891 3314.638 0.5982514
4.122583 6645.575 0.03307038
4.146155 1607.518 0.9991764
4.163605 8140.194 0.1229242
4.168944 1710.295 0.3683823
4.173119 6542.544 9.37551e-06
4.174322 1810 0.5704126
4.19407 1121.216 0.5993885
4.252172 3731.166 0.9576014
4.258189 3175.604 0.7781296
4.272872 5791.595 0.6152422
4.306714 4680.921 0.6155333
4.341964 0.8237898 0.803219
4.346574 0.8237898 0.6721804
4.363558 6601.083 0.09964105
4.401523 1974.373 0.3620523
4.435502 7357.592 0.4185741
4.464151 0.8237898 0.9991764
4.473397 0.8237898 0.9991764
4.487429 2604.075 0.3259837
4.489115 9288.29 0.09260675
4.497699 6609.643 0.7756285
4.503658 1515.706 0.9406981
4.507872 992.1768 0.828827
4.515315 1206.781 0.4225382
4.515786 3413.096 0.4690282
4.591675 6915.444 0.1307719
4.646787 830.4544 0.4810193
4.660641 2198.638 0.2922511
4.690191 4623.768 0.07487924
4.741237 4703.898 0.2643386
4.756241 359.0316 0.8432172
4.760609 970.8914 0.5738216
4.77074 1457.427 0.4725088
4.82638 5191.402 0.4698388
4.841413 5805.997 0.1780698
4.856515 6122.463 0.3168257
4.858634 693.8211 0.9991764
4.862941 3758.642 0.1929942
4.930843 3945.999 0.1814815
4.967045 0.8237898 0.9991764
4.968029 8716.393 0.05421962
5.017432 2733.574 0.3660718
5.097632 6684.417 0.2018083
5.114957 8310.326 0.1986501
5.165948 0.8237898 0.9991764
5.177642 0.8237898 0.9991764
5.191201 123.4424 0.9294454
5.191201 231.7052 0.857439
5.191201 261.9495 0.9191178
5.191201 285.4588 0.8785308
5.191201 327.1625 0.7686896
5.191201 500.645 0.7056175
5.283075 3123.084 0.4886437
5.372051 0.8237898 0.7364738
5.411898 3257.212 0.2695229
5.462317 5024.415 0.102263
5.478003 0.8237898 0.505941
5.517856 169.6049 0.9842741
5.577022 0.8237898 0.9991764
5.927067 0.8237898 0.9991764
6.114455 3666.269 9.37551e-06
6.283304 698.2553 0.04887627
6.295269 0.8237898 0.9991764
# initCovFnParam= 3.15938472666534 1206.18948658136 0.794485409543389 4
