## Fri May 28 14:46:38 2021; Sample: 1; # of loci: 1; NrunsPerPoint=30;
## pointmin=1  pointmax=100 out of PointNumber=100
0.7947291 6074.003 0.1288275 513.33997 513.33997 
1.433946 11502.8 0.3063048 499.30151 499.30151 
1.634132 1660.84 0.1396928 496.46857 496.46857 
1.699009 3.673536 0.01920104 589.38837 589.38837 
1.744142 2843.332 0.01920104 495.43317 495.43317 
1.936096 4163.508 0.3461983 495.02216 495.02216 
1.942895 4516.767 0.7983091 496.31094 496.31094 
1.942895 4788.365 0.7899219 496.30511 496.30511 
1.942895 4810.088 0.7780545 496.30078 496.30078 
1.942895 4848.775 0.7874752 496.3205 496.3205 
1.942895 4848.775 0.7874752 496.31366 496.31366 
1.942895 4957.591 0.7866523 496.3139 496.3139 
1.942895 5248.286 0.7984249 496.35635 496.35635 
2.006953 4991.251 0.450238 495.19183 495.19183 
2.162178 9328.536 0.7890131 495.8378 495.8378 
2.187246 4819.039 0.2137166 493.85315 493.85315 
2.254742 8914.041 0.7642783 495.64917 495.64917 
2.366724 7444.151 0.06832114 493.64468 493.64468 
2.465599 4453.88 0.01920104 493.00543 493.00543 
2.513982 4686.252 0.01920104 493.14212 493.14212 
2.544599 3.673536 0.01920104 570.31165 570.31165 
2.544599 3.673536 0.01920104 570.17303 570.17303 
2.552747 847.1795 0.259875 492.94507 492.94507 
2.555385 8096.762 0.1357341 493.60736 493.60736 
2.558447 1724.466 0.3101473 492.76782 492.76782 
2.653612 9599.251 0.06470195 493.42596 493.42596 
2.663373 591.2872 0.4163605 492.62659 492.62659 
2.667726 8758.471 0.3204666 494.32031 494.32031 
2.67487 5333.43 0.3305276 493.82358 493.82358 
2.722808 3726.233 0.03283743 492.77051 492.77051 
2.743888 544.2438 0.4441744 492.37527 492.37527 
2.75783 4569.135 0.2310498 493.27856 493.27856 
2.75783 4569.135 0.2310498 493.23544 493.23544 
2.765904 9599.251 0.06890129 493.57318 493.57318 
2.769292 574.2871 0.4174877 492.47739 492.47739 
2.781842 3969.17 0.02631381 492.69669 492.69669 
2.789684 3611.05 0.01920104 492.61923 492.61923 
2.791449 664.7642 0.3466018 492.59637 492.59637 
2.825141 689.708 0.233259 493.15378 493.15378 
2.855279 9599.251 0.07109835 493.63184 493.63184 
2.870978 9599.251 0.07059855 493.46982 493.46982 
2.901106 11768.06 0.3616092 494.80341 494.80341 
2.921855 9599.251 0.08901832 493.60623 493.60623 
2.921855 9599.251 0.08901832 493.61511 493.61511 
2.944979 4631.463 0.7091559 495.23907 495.23907 
2.954323 3124.937 0.1304851 492.7674 492.7674 
2.961865 351.9079 0.5685966 492.12695 492.12695 
3.000054 9599.251 0.06616984 493.51575 493.51575 
3.000732 8528.648 0.4502041 494.87579 494.87579 
3.023145 9651.075 0.09599934 493.66736 493.66736 
3.098534 339.9752 0.5649947 492.27356 492.27356 
3.181621 1361.154 0.1615206 492.74686 492.74686 
3.184422 9794.924 0.3612059 494.86426 494.86426 
3.191479 3315.273 0.7685617 495.50439 495.50439 
3.191479 3315.273 0.7685617 495.52219 495.52219 
3.260383 10278.36 0.118985 494.08478 494.08478 
3.266712 6949.672 0.3050918 494.34442 494.34442 
3.274725 14587.22 0.5301303 495.77835 495.77835 
3.435711 15102.97 0.4824935 495.95117 495.95117 
3.467703 4022.872 0.08421274 492.93097 492.93097 
3.485703 5387.156 0.2842563 494.1817 494.1817 
3.505204 1505.627 0.5536677 493.78198 493.78198 
3.725256 15558.2 0.3957281 496.22348 496.22348 
3.744668 4679.062 0.2748422 494.32437 494.32437 
3.757766 6646.09 0.4607593 495.74719 495.74719 
3.757766 6646.09 0.4607593 495.76208 495.76208 
3.818366 6277.038 0.3133533 495.10187 495.10187 
3.835964 3033.154 0.1015222 493.40375 493.40375 
3.912594 4165.706 0.1743938 494.0481 494.0481 
3.932199 2518.274 0.3616174 494.19821 494.19821 
3.959575 7631.463 0.3484991 495.77386 495.77386 
4.00119 15923.36 0.3594199 496.69052 496.69052 
4.12793 9889.228 0.3998703 496.61905 496.61905 
4.238467 2668.483 0.4901419 495.45044 495.45044 
4.280546 11354.95 0.2251504 496.3457 496.3457 
4.28735 13882.66 0.1640105 496.37402 496.37402 
4.28735 13882.66 0.1640105 496.2912 496.2912 
4.43774 7804.804 0.3514537 496.67407 496.67407 
4.4951 6000.203 0.3679667 496.48383 496.48383 
4.534145 13392.78 0.1566161 496.81006 496.81006 
4.559087 3451.137 0.5104477 496.69247 496.69247 
4.570876 15578.61 0.1902855 497.20731 497.20731 
4.574134 14089.35 0.1914875 497.00659 497.00659 
4.686154 3.673536 0.1379052 543.5097 543.5097 
4.698264 14461.42 0.1939599 497.39737 497.39737 
4.698264 14561.4 0.1721585 497.29514 497.29514 
4.698264 14611.76 0.2101956 497.44153 497.44153 
4.698264 14611.76 0.2101956 497.51318 497.51318 
4.698264 14731.13 0.177055 497.3436 497.3436 
4.698264 15000.77 0.1961901 497.48663 497.48663 
4.698264 15164.34 0.2022051 497.543 497.543 
4.787012 4507.367 0.2504748 496.0787 496.0787 
4.815602 4161.33 0.1017927 495.34995 495.34995 
4.83502 14913.65 0.1941996 497.70331 497.70331 
4.84625 7780.893 0.2124875 496.83551 496.83551 
4.949888 15656.15 0.2306814 498.15988 498.15988 
5.245864 2129.885 0.2612255 495.78912 495.78912 
5.252354 2646.353 0.01920104 495.47482 495.47482 
5.252354 2646.353 0.01920104 495.45477 495.45477 
5.313595 824.1052 0.3349091 495.14398 495.14398 
5.39732 4442.701 0.2142866 497.07077 497.07077 
5.399867 766.8603 0.3900229 495.11679 495.11679 
5.500887 3785.188 0.1906789 496.77341 496.77341 
5.846626 3.673536 0.2481654 535.09045 535.09045 
5.971587 1412.408 0.3546619 496.92368 496.92368 
6.05931 797.8153 0.5104837 496.92606 496.92606 
6.233651 3.673536 0.428323 532.16168 532.16168 
6.515965 442.7325 0.3783521 496.22351 496.22351 
6.537825 3146.786 0.3613869 499.56296 499.56296 
6.537825 3146.786 0.3613869 499.59116 499.59116 
