# Raw data for the histogram of the posterior probabilities for all parameters and loci
# produced by the program migrate-n 3.7.2 (http://popgen.sc.fsu.edu/migrate.hml)
# written by Peter Beerli 2004-2013, Tallahassee, if you have problems email to beerli@fsu.edu
#
# The HPC values are indicators whether the parametervalue is in the highest-posterior credibility set,
# a 0 means it is outside and a 1 means the value is inside the credibility set.
#
## Order of the parameters:
# Parameter-number Parameter
#@      1    Theta_1

# Delta for Theta and M 0.020000 
# -----------------------------------------------------------------------------------------
# Locus Parameter 50%HPC  95%HPC parameter-value count frequency cummulative_freq priorfreq
# -------------------------------------------------------------------------------------------
1 1 0 1 0.010010 240.902924 4.818054 4.818054 36.787961
1 1 1 1 0.030010 259.265991 5.185315 10.003368 4.968359
1 1 1 1 0.050010 271.997467 5.439944 15.443312 0.670996
1 1 1 1 0.070010 279.097504 5.581944 21.025257 0.090621
1 1 1 1 0.090010 280.566010 5.611315 26.636571 0.012239
1 1 1 1 0.110010 276.402954 5.528054 32.164625 0.001653
1 1 1 1 0.130010 266.608368 5.332162 37.496787 0.000223
1 1 0 1 0.150010 251.182312 5.023641 42.520428 0.000030
1 1 0 1 0.170010 230.124695 4.602489 47.122917 0.000004
1 1 0 1 0.190010 203.435577 4.068707 51.191625 0.000001
1 1 0 1 0.210010 171.114914 3.422295 54.613920 0.000000
1 1 0 1 0.230010 133.162750 2.663252 57.277172 0.000000
1 1 0 0 0.250010 89.579094 1.791580 59.068752 0.000000
1 1 0 0 0.270010 40.363926 0.807278 59.876030 0.000000
1 1 0 0 0.290010 3.195329 0.063907 59.939936 0.000000
1 1 0 0 0.310010 0.000000 0.000000 59.939936 0.000000
1 1 0 0 0.330010 0.000000 0.000000 59.939936 0.000000
1 1 0 0 0.350010 0.000000 0.000000 59.939936 0.000000
1 1 0 0 0.370010 0.000000 0.000000 59.939936 0.000000
1 1 0 0 0.390010 0.000000 0.000000 59.939936 0.000000
1 1 0 0 0.410010 0.000000 0.000000 59.939936 0.000000
1 1 0 0 0.430010 0.000000 0.000000 59.939936 0.000000
1 1 0 0 0.450010 0.000000 0.000000 59.939936 0.000000
1 1 0 0 0.470010 0.000000 0.000000 59.939936 0.000000
1 1 0 0 0.490010 0.000000 0.000000 59.939936 0.000000
1 1 0 0 0.510009 0.000000 0.000000 59.939936 0.000000
1 1 0 0 0.530009 0.000000 0.000000 59.939936 0.000000
1 1 0 0 0.550009 0.000000 0.000000 59.939936 0.000000
1 1 0 0 0.570009 0.000000 0.000000 59.939936 0.000000
1 1 0 0 0.590009 0.000000 0.000000 59.939936 0.000000
1 1 0 0 0.610009 0.000000 0.000000 59.939936 0.000000
1 1 0 0 0.630009 0.000000 0.000000 59.939936 0.000000
1 1 0 0 0.650009 0.000000 0.000000 59.939936 0.000000
1 1 0 0 0.670009 0.000000 0.000000 59.939936 0.000000
1 1 0 0 0.690009 0.000000 0.000000 59.939936 0.000000
1 1 0 0 0.710009 0.000000 0.000000 59.939936 0.000000
1 1 0 0 0.730009 0.000000 0.000000 59.939936 0.000000
1 1 0 0 0.750009 0.000000 0.000000 59.939936 0.000000
1 1 0 0 0.770009 0.000000 0.000000 59.939936 0.000000
1 1 0 0 0.790009 0.000000 0.000000 59.939936 0.000000
1 1 0 0 0.810009 0.000000 0.000000 59.939936 0.000000
1 1 0 0 0.830009 0.000000 0.000000 59.939936 0.000000
1 1 0 0 0.850009 0.000000 0.000000 59.939936 0.000000
1 1 0 0 0.870009 0.000000 0.000000 59.939936 0.000000
1 1 0 0 0.890009 0.000000 0.000000 59.939936 0.000000
1 1 0 0 0.910009 0.000000 0.000000 59.939936 0.000000
1 1 0 0 0.930009 0.000000 0.000000 59.939936 0.000000
1 1 0 0 0.950009 0.000000 0.000000 59.939936 0.000000
1 1 0 0 0.970009 0.000000 0.000000 59.939936 0.000000
1 1 0 0 0.990009 0.000000 0.000000 59.939936 0.000000
1 1 0 0 1.010009 0.000000 0.000000 59.939936 0.000000
1 1 0 0 1.030009 0.000000 0.000000 59.939936 0.000000
1 1 0 0 1.050009 0.000000 0.000000 59.939936 0.000000
1 1 0 0 1.070009 0.000000 0.000000 59.939936 0.000000
1 1 0 0 1.090009 0.000000 0.000000 59.939936 0.000000
1 1 0 0 1.110009 0.000000 0.000000 59.939936 0.000000
1 1 0 0 1.130009 0.000000 0.000000 59.939936 0.000000
1 1 0 0 1.150009 0.000000 0.000000 59.939936 0.000000
1 1 0 0 1.170009 0.000000 0.000000 59.939936 0.000000
1 1 0 0 1.190009 0.000000 0.000000 59.939936 0.000000
1 1 0 0 1.210009 0.000000 0.000000 59.939936 0.000000
1 1 0 0 1.230009 0.000000 0.000000 59.939936 0.000000
1 1 0 0 1.250009 0.000000 0.000000 59.939936 0.000000
1 1 0 0 1.270009 0.000000 0.000000 59.939936 0.000000
1 1 0 0 1.290009 0.000000 0.000000 59.939936 0.000000
1 1 0 0 1.310009 0.000000 0.000000 59.939936 0.000000
1 1 0 0 1.330009 0.000000 0.000000 59.939936 0.000000
1 1 0 0 1.350009 0.000000 0.000000 59.939936 0.000000
1 1 0 0 1.370009 0.000000 0.000000 59.939936 0.000000
1 1 0 0 1.390009 0.000000 0.000000 59.939936 0.000000
1 1 0 0 1.410009 0.000000 0.000000 59.939936 0.000000
1 1 0 0 1.430009 0.000000 0.000000 59.939936 0.000000
1 1 0 0 1.450009 0.000000 0.000000 59.939936 0.000000
1 1 0 0 1.470009 0.000000 0.000000 59.939936 0.000000
1 1 0 0 1.490009 0.000000 0.000000 59.939936 0.000000
1 1 0 0 1.510008 0.000000 0.000000 59.939936 0.000000
1 1 0 0 1.530008 0.000000 0.000000 59.939936 0.000000
1 1 0 0 1.550008 0.000000 0.000000 59.939936 0.000000
1 1 0 0 1.570008 0.000000 0.000000 59.939936 0.000000
1 1 0 0 1.590008 0.000000 0.000000 59.939936 0.000000
1 1 0 0 1.610008 0.000000 0.000000 59.939936 0.000000
1 1 0 0 1.630008 0.000000 0.000000 59.939936 0.000000
1 1 0 0 1.650008 0.000000 0.000000 59.939936 0.000000
1 1 0 0 1.670008 0.000000 0.000000 59.939936 0.000000
1 1 0 0 1.690008 0.000000 0.000000 59.939936 0.000000
1 1 0 0 1.710008 0.000000 0.000000 59.939936 0.000000
1 1 0 0 1.730008 0.000000 0.000000 59.939936 0.000000
1 1 0 0 1.750008 0.000000 0.000000 59.939936 0.000000
1 1 0 0 1.770008 0.000000 0.000000 59.939936 0.000000
1 1 0 0 1.790008 0.000000 0.000000 59.939936 0.000000
1 1 0 0 1.810008 0.000000 0.000000 59.939936 0.000000
1 1 0 0 1.830008 0.000000 0.000000 59.939936 0.000000
1 1 0 0 1.850008 0.000000 0.000000 59.939936 0.000000
1 1 0 0 1.870008 0.000000 0.000000 59.939936 0.000000
1 1 0 0 1.890008 0.000000 0.000000 59.939936 0.000000
1 1 0 0 1.910008 0.000000 0.000000 59.939936 0.000000
1 1 0 0 1.930008 0.000000 0.000000 59.939936 0.000000
1 1 0 0 1.950008 0.000000 0.000000 59.939936 0.000000
1 1 0 0 1.970008 0.000000 0.000000 59.939936 0.000000
1 1 0 0 1.990008 0.000000 0.000000 59.939936 0.000000
1 1 0 0 2.010008 0.000000 0.000000 59.939936 0.000000
1 1 0 0 2.030008 0.000000 0.000000 59.939936 0.000000
1 1 0 0 2.050008 0.000000 0.000000 59.939936 0.000000
1 1 0 0 2.070008 0.000000 0.000000 59.939936 0.000000
1 1 0 0 2.090008 0.000000 0.000000 59.939936 0.000000
1 1 0 0 2.110008 0.000000 0.000000 59.939936 0.000000
1 1 0 0 2.130008 0.000000 0.000000 59.939936 0.000000
1 1 0 0 2.150008 0.000000 0.000000 59.939936 0.000000
1 1 0 0 2.170008 0.000000 0.000000 59.939936 0.000000
1 1 0 0 2.190008 0.000000 0.000000 59.939936 0.000000
1 1 0 0 2.210008 0.000000 0.000000 59.939936 0.000000
1 1 0 0 2.230008 0.000000 0.000000 59.939936 0.000000
1 1 0 0 2.250008 0.000000 0.000000 59.939936 0.000000
1 1 0 0 2.270008 0.000000 0.000000 59.939936 0.000000
1 1 0 0 2.290008 0.000000 0.000000 59.939936 0.000000
1 1 0 0 2.310008 0.000000 0.000000 59.939936 0.000000
1 1 0 0 2.330008 0.000000 0.000000 59.939936 0.000000
1 1 0 0 2.350008 0.000000 0.000000 59.939936 0.000000
1 1 0 0 2.370008 0.000000 0.000000 59.939936 0.000000
1 1 0 0 2.390008 0.000000 0.000000 59.939936 0.000000
1 1 0 0 2.410008 0.000000 0.000000 59.939936 0.000000
1 1 0 0 2.430008 0.000000 0.000000 59.939936 0.000000
1 1 0 0 2.450008 0.000000 0.000000 59.939936 0.000000
1 1 0 0 2.470008 0.000000 0.000000 59.939936 0.000000
1 1 0 0 2.490008 0.000000 0.000000 59.939936 0.000000
1 1 0 0 2.510007 0.000000 0.000000 59.939936 0.000000
1 1 0 0 2.530007 0.000000 0.000000 59.939936 0.000000
1 1 0 0 2.550007 0.000000 0.000000 59.939936 0.000000
1 1 0 0 2.570007 0.000000 0.000000 59.939936 0.000000
1 1 0 0 2.590007 0.000000 0.000000 59.939936 0.000000
1 1 0 0 2.610007 0.000000 0.000000 59.939936 0.000000
1 1 0 0 2.630007 0.000000 0.000000 59.939936 0.000000
1 1 0 0 2.650007 0.000000 0.000000 59.939936 0.000000
1 1 0 0 2.670007 0.000000 0.000000 59.939936 0.000000
1 1 0 0 2.690007 0.000000 0.000000 59.939936 0.000000
1 1 0 0 2.710007 0.000000 0.000000 59.939936 0.000000
1 1 0 0 2.730007 0.000000 0.000000 59.939936 0.000000
1 1 0 0 2.750007 0.000000 0.000000 59.939936 0.000000
1 1 0 0 2.770007 0.000000 0.000000 59.939936 0.000000
1 1 0 0 2.790007 0.000000 0.000000 59.939936 0.000000
1 1 0 0 2.810007 0.000000 0.000000 59.939936 0.000000
1 1 0 0 2.830007 0.000000 0.000000 59.939936 0.000000
1 1 0 0 2.850007 0.000000 0.000000 59.939936 0.000000
1 1 0 0 2.870007 0.000000 0.000000 59.939936 0.000000
1 1 0 0 2.890007 0.000000 0.000000 59.939936 0.000000
1 1 0 0 2.910007 0.000000 0.000000 59.939936 0.000000
1 1 0 0 2.930007 0.000000 0.000000 59.939936 0.000000
1 1 0 0 2.950007 0.000000 0.000000 59.939936 0.000000
1 1 0 0 2.970007 0.000000 0.000000 59.939936 0.000000
1 1 0 0 2.990007 0.000000 0.000000 59.939936 0.000000
1 1 0 0 3.010007 0.000000 0.000000 59.939936 0.000000
1 1 0 0 3.030007 0.000000 0.000000 59.939936 0.000000
1 1 0 0 3.050007 0.000000 0.000000 59.939936 0.000000
1 1 0 0 3.070007 0.000000 0.000000 59.939936 0.000000
1 1 0 0 3.090007 0.000000 0.000000 59.939936 0.000000
1 1 0 0 3.110007 0.000000 0.000000 59.939936 0.000000
1 1 0 0 3.130007 0.000000 0.000000 59.939936 0.000000
1 1 0 0 3.150007 0.000000 0.000000 59.939936 0.000000
1 1 0 0 3.170007 0.000000 0.000000 59.939936 0.000000
1 1 0 0 3.190007 0.000000 0.000000 59.939936 0.000000
1 1 0 0 3.210007 0.000000 0.000000 59.939936 0.000000
1 1 0 0 3.230007 0.000000 0.000000 59.939936 0.000000
1 1 0 0 3.250007 0.000000 0.000000 59.939936 0.000000
1 1 0 0 3.270007 0.000000 0.000000 59.939936 0.000000
1 1 0 0 3.290007 0.000000 0.000000 59.939936 0.000000
1 1 0 0 3.310007 0.000000 0.000000 59.939936 0.000000
1 1 0 0 3.330007 0.000000 0.000000 59.939936 0.000000
1 1 0 0 3.350007 0.000000 0.000000 59.939936 0.000000
1 1 0 0 3.370007 0.000000 0.000000 59.939936 0.000000
1 1 0 0 3.390007 0.000000 0.000000 59.939936 0.000000
1 1 0 0 3.410007 0.000000 0.000000 59.939936 0.000000
1 1 0 0 3.430007 0.000000 0.000000 59.939936 0.000000
1 1 0 0 3.450007 0.000000 0.000000 59.939936 0.000000
1 1 0 0 3.470007 0.000000 0.000000 59.939936 0.000000
1 1 0 0 3.490007 0.000000 0.000000 59.939936 0.000000
1 1 0 0 3.510006 0.000000 0.000000 59.939936 0.000000
1 1 0 0 3.530006 0.000000 0.000000 59.939936 0.000000
1 1 0 0 3.550006 0.000000 0.000000 59.939936 0.000000
1 1 0 0 3.570006 0.000000 0.000000 59.939936 0.000000
1 1 0 0 3.590006 0.000000 0.000000 59.939936 0.000000
1 1 0 0 3.610006 0.000000 0.000000 59.939936 0.000000
1 1 0 0 3.630006 0.000000 0.000000 59.939936 0.000000
1 1 0 0 3.650006 0.000000 0.000000 59.939936 0.000000
1 1 0 0 3.670006 0.000000 0.000000 59.939936 0.000000
1 1 0 0 3.690006 0.000000 0.000000 59.939936 0.000000
1 1 0 0 3.710006 0.000000 0.000000 59.939936 0.000000
1 1 0 0 3.730006 0.000000 0.000000 59.939936 0.000000
1 1 0 0 3.750006 0.000000 0.000000 59.939936 0.000000
1 1 0 0 3.770006 0.000000 0.000000 59.939936 0.000000
1 1 0 0 3.790006 0.000000 0.000000 59.939936 0.000000
1 1 0 0 3.810006 0.000000 0.000000 59.939936 0.000000
1 1 0 0 3.830006 0.000000 0.000000 59.939936 0.000000
1 1 0 0 3.850006 0.000000 0.000000 59.939936 0.000000
1 1 0 0 3.870006 0.000000 0.000000 59.939936 0.000000
1 1 0 0 3.890006 0.000000 0.000000 59.939936 0.000000
1 1 0 0 3.910006 0.000000 0.000000 59.939936 0.000000
1 1 0 0 3.930006 0.000000 0.000000 59.939936 0.000000
1 1 0 0 3.950006 0.000000 0.000000 59.939936 0.000000
1 1 0 0 3.970006 0.000000 0.000000 59.939936 0.000000
1 1 0 0 3.990006 0.000000 0.000000 59.939936 0.000000
1 1 0 0 4.010006 0.000000 0.000000 59.939936 0.000000
1 1 0 0 4.030006 0.000000 0.000000 59.939936 0.000000
1 1 0 0 4.050006 0.000000 0.000000 59.939936 0.000000
1 1 0 0 4.070006 0.000000 0.000000 59.939936 0.000000
1 1 0 0 4.090006 0.000000 0.000000 59.939936 0.000000
1 1 0 0 4.110006 0.000000 0.000000 59.939936 0.000000
1 1 0 0 4.130006 0.000000 0.000000 59.939936 0.000000
1 1 0 0 4.150006 0.000000 0.000000 59.939936 0.000000
1 1 0 0 4.170006 0.000000 0.000000 59.939936 0.000000
1 1 0 0 4.190006 0.000000 0.000000 59.939936 0.000000
1 1 0 0 4.210006 0.000000 0.000000 59.939936 0.000000
1 1 0 0 4.230006 0.000000 0.000000 59.939936 0.000000
1 1 0 0 4.250006 0.000000 0.000000 59.939936 0.000000
1 1 0 0 4.270006 0.000000 0.000000 59.939936 0.000000
1 1 0 0 4.290006 0.000000 0.000000 59.939936 0.000000
1 1 0 0 4.310006 0.000000 0.000000 59.939936 0.000000
1 1 0 0 4.330006 0.000000 0.000000 59.939936 0.000000
1 1 0 0 4.350006 0.000000 0.000000 59.939936 0.000000
1 1 0 0 4.370006 0.000000 0.000000 59.939936 0.000000
1 1 0 0 4.390006 0.000000 0.000000 59.939936 0.000000
1 1 0 0 4.410006 0.000000 0.000000 59.939936 0.000000
1 1 0 0 4.430006 0.000000 0.000000 59.939936 0.000000
1 1 0 0 4.450006 0.000000 0.000000 59.939936 0.000000
1 1 0 0 4.470006 0.000000 0.000000 59.939936 0.000000
1 1 0 0 4.490006 0.000000 0.000000 59.939936 0.000000
1 1 0 0 4.510005 0.000000 0.000000 59.939936 0.000000
1 1 0 0 4.530005 0.000000 0.000000 59.939936 0.000000
1 1 0 0 4.550005 0.000000 0.000000 59.939936 0.000000
1 1 0 0 4.570005 0.000000 0.000000 59.939936 0.000000
1 1 0 0 4.590005 0.000000 0.000000 59.939936 0.000000
1 1 0 0 4.610005 0.000000 0.000000 59.939936 0.000000
1 1 0 0 4.630005 0.000000 0.000000 59.939936 0.000000
1 1 0 0 4.650005 0.000000 0.000000 59.939936 0.000000
1 1 0 0 4.670005 0.000000 0.000000 59.939936 0.000000
1 1 0 0 4.690005 0.000000 0.000000 59.939936 0.000000
1 1 0 0 4.710005 0.000000 0.000000 59.939936 0.000000
1 1 0 0 4.730005 0.000000 0.000000 59.939936 0.000000
1 1 0 0 4.750005 0.000000 0.000000 59.939936 0.000000
1 1 0 0 4.770005 0.000000 0.000000 59.939936 0.000000
1 1 0 0 4.790005 0.000000 0.000000 59.939936 0.000000
1 1 0 0 4.810005 0.000000 0.000000 59.939936 0.000000
1 1 0 0 4.830005 0.000000 0.000000 59.939936 0.000000
1 1 0 0 4.850005 0.000000 0.000000 59.939936 0.000000
1 1 0 0 4.870005 0.000000 0.000000 59.939936 0.000000
1 1 0 0 4.890005 0.000000 0.000000 59.939936 0.000000
1 1 0 0 4.910005 0.000000 0.000000 59.939936 0.000000
1 1 0 0 4.930005 0.000000 0.000000 59.939936 0.000000
1 1 0 0 4.950005 0.000000 0.000000 59.939936 0.000000
1 1 0 0 4.970005 0.000000 0.000000 59.939936 0.000000
1 1 0 0 4.990005 0.000000 0.000000 59.939936 0.000000
1 1 0 0 5.010005 0.000000 0.000000 59.939936 0.000000
1 1 0 0 5.030005 0.000000 0.000000 59.939936 0.000000
1 1 0 0 5.050005 0.000000 0.000000 59.939936 0.000000
1 1 0 0 5.070005 0.000000 0.000000 59.939936 0.000000
1 1 0 0 5.090005 0.000000 0.000000 59.939936 0.000000
1 1 0 0 5.110005 0.000000 0.000000 59.939936 0.000000
1 1 0 0 5.130005 0.000000 0.000000 59.939936 0.000000
1 1 0 0 5.150005 0.000000 0.000000 59.939936 0.000000
1 1 0 0 5.170005 0.000000 0.000000 59.939936 0.000000
1 1 0 0 5.190005 0.000000 0.000000 59.939936 0.000000
1 1 0 0 5.210005 0.000000 0.000000 59.939936 0.000000
1 1 0 0 5.230005 0.000000 0.000000 59.939936 0.000000
1 1 0 0 5.250005 0.000000 0.000000 59.939936 0.000000
1 1 0 0 5.270005 0.000000 0.000000 59.939936 0.000000
1 1 0 0 5.290005 0.000000 0.000000 59.939936 0.000000
1 1 0 0 5.310005 0.000000 0.000000 59.939936 0.000000
1 1 0 0 5.330005 0.000000 0.000000 59.939936 0.000000
1 1 0 0 5.350005 0.000000 0.000000 59.939936 0.000000
1 1 0 0 5.370005 0.000000 0.000000 59.939936 0.000000
1 1 0 0 5.390005 0.000000 0.000000 59.939936 0.000000
1 1 0 0 5.410005 0.000000 0.000000 59.939936 0.000000
1 1 0 0 5.430005 0.000000 0.000000 59.939936 0.000000
1 1 0 0 5.450005 0.000000 0.000000 59.939936 0.000000
1 1 0 0 5.470005 0.000000 0.000000 59.939936 0.000000
1 1 0 0 5.490005 0.000000 0.000000 59.939936 0.000000
1 1 0 0 5.510004 0.000000 0.000000 59.939936 0.000000
1 1 0 0 5.530004 0.000000 0.000000 59.939936 0.000000
1 1 0 0 5.550004 0.000000 0.000000 59.939936 0.000000
1 1 0 0 5.570004 0.000000 0.000000 59.939936 0.000000
1 1 0 0 5.590004 0.000000 0.000000 59.939936 0.000000
1 1 0 0 5.610004 0.000000 0.000000 59.939936 0.000000
1 1 0 0 5.630004 0.000000 0.000000 59.939936 0.000000
1 1 0 0 5.650004 0.000000 0.000000 59.939936 0.000000
1 1 0 0 5.670004 0.000000 0.000000 59.939936 0.000000
1 1 0 0 5.690004 0.000000 0.000000 59.939936 0.000000
1 1 0 0 5.710004 0.000000 0.000000 59.939936 0.000000
1 1 0 0 5.730004 0.000000 0.000000 59.939936 0.000000
1 1 0 0 5.750004 0.000000 0.000000 59.939936 0.000000
1 1 0 0 5.770004 0.000000 0.000000 59.939936 0.000000
1 1 0 0 5.790004 0.000000 0.000000 59.939936 0.000000
1 1 0 0 5.810004 0.000000 0.000000 59.939936 0.000000
1 1 0 0 5.830004 0.000000 0.000000 59.939936 0.000000
1 1 0 0 5.850004 0.000000 0.000000 59.939936 0.000000
1 1 0 0 5.870004 0.000000 0.000000 59.939936 0.000000
1 1 0 0 5.890004 0.000000 0.000000 59.939936 0.000000
1 1 0 0 5.910004 0.000000 0.000000 59.939936 0.000000
1 1 0 0 5.930004 0.000000 0.000000 59.939936 0.000000
1 1 0 0 5.950004 0.000000 0.000000 59.939936 0.000000
1 1 0 0 5.970004 0.000000 0.000000 59.939936 0.000000
1 1 0 0 5.990004 0.000000 0.000000 59.939936 0.000000
1 1 0 0 6.010004 0.000000 0.000000 59.939936 0.000000
1 1 0 0 6.030004 0.000000 0.000000 59.939936 0.000000
1 1 0 0 6.050004 0.000000 0.000000 59.939936 0.000000
1 1 0 0 6.070004 0.000000 0.000000 59.939936 0.000000
1 1 0 0 6.090004 0.000000 0.000000 59.939936 0.000000
1 1 0 0 6.110004 0.000000 0.000000 59.939936 0.000000
1 1 0 0 6.130004 0.000000 0.000000 59.939936 0.000000
1 1 0 0 6.150004 0.000000 0.000000 59.939936 0.000000
1 1 0 0 6.170004 0.000000 0.000000 59.939936 0.000000
1 1 0 0 6.190004 0.000000 0.000000 59.939936 0.000000
1 1 0 0 6.210004 0.000000 0.000000 59.939936 0.000000
1 1 0 0 6.230004 0.000000 0.000000 59.939936 0.000000
1 1 0 0 6.250004 0.000000 0.000000 59.939936 0.000000
1 1 0 0 6.270004 0.000000 0.000000 59.939936 0.000000
1 1 0 0 6.290004 0.000000 0.000000 59.939936 0.000000
1 1 0 0 6.310004 0.000000 0.000000 59.939936 0.000000
1 1 0 0 6.330004 0.000000 0.000000 59.939936 0.000000
1 1 0 0 6.350004 0.000000 0.000000 59.939936 0.000000
1 1 0 0 6.370004 0.000000 0.000000 59.939936 0.000000
1 1 0 0 6.390004 0.000000 0.000000 59.939936 0.000000
1 1 0 0 6.410004 0.000000 0.000000 59.939936 0.000000
1 1 0 0 6.430004 0.000000 0.000000 59.939936 0.000000
1 1 0 0 6.450004 0.000000 0.000000 59.939936 0.000000
1 1 0 0 6.470004 0.000000 0.000000 59.939936 0.000000
1 1 0 0 6.490004 0.000000 0.000000 59.939936 0.000000
1 1 0 0 6.510003 0.000000 0.000000 59.939936 0.000000
1 1 0 0 6.530003 0.000000 0.000000 59.939936 0.000000
1 1 0 0 6.550003 0.000000 0.000000 59.939936 0.000000
1 1 0 0 6.570003 0.000000 0.000000 59.939936 0.000000
1 1 0 0 6.590003 0.000000 0.000000 59.939936 0.000000
1 1 0 0 6.610003 0.000000 0.000000 59.939936 0.000000
1 1 0 0 6.630003 0.000000 0.000000 59.939936 0.000000
1 1 0 0 6.650003 0.000000 0.000000 59.939936 0.000000
1 1 0 0 6.670003 0.000000 0.000000 59.939936 0.000000
1 1 0 0 6.690003 0.000000 0.000000 59.939936 0.000000
1 1 0 0 6.710003 0.000000 0.000000 59.939936 0.000000
1 1 0 0 6.730003 0.000000 0.000000 59.939936 0.000000
1 1 0 0 6.750003 0.000000 0.000000 59.939936 0.000000
1 1 0 0 6.770003 0.000000 0.000000 59.939936 0.000000
1 1 0 0 6.790003 0.000000 0.000000 59.939936 0.000000
1 1 0 0 6.810003 0.000000 0.000000 59.939936 0.000000
1 1 0 0 6.830003 0.000000 0.000000 59.939936 0.000000
1 1 0 0 6.850003 0.000000 0.000000 59.939936 0.000000
1 1 0 0 6.870003 0.000000 0.000000 59.939936 0.000000
1 1 0 0 6.890003 0.000000 0.000000 59.939936 0.000000
1 1 0 0 6.910003 0.000000 0.000000 59.939936 0.000000
1 1 0 0 6.930003 0.000000 0.000000 59.939936 0.000000
1 1 0 0 6.950003 0.000000 0.000000 59.939936 0.000000
1 1 0 0 6.970003 0.000000 0.000000 59.939936 0.000000
1 1 0 0 6.990003 0.000000 0.000000 59.939936 0.000000
1 1 0 0 7.010003 0.000000 0.000000 59.939936 0.000000
1 1 0 0 7.030003 0.000000 0.000000 59.939936 0.000000
1 1 0 0 7.050003 0.000000 0.000000 59.939936 0.000000
1 1 0 0 7.070003 0.000000 0.000000 59.939936 0.000000
1 1 0 0 7.090003 0.000000 0.000000 59.939936 0.000000
1 1 0 0 7.110003 0.000000 0.000000 59.939936 0.000000
1 1 0 0 7.130003 0.000000 0.000000 59.939936 0.000000
1 1 0 0 7.150003 0.000000 0.000000 59.939936 0.000000
1 1 0 0 7.170003 0.000000 0.000000 59.939936 0.000000
1 1 0 0 7.190003 0.000000 0.000000 59.939936 0.000000
1 1 0 0 7.210003 0.000000 0.000000 59.939936 0.000000
1 1 0 0 7.230003 0.000000 0.000000 59.939936 0.000000
1 1 0 0 7.250003 0.000000 0.000000 59.939936 0.000000
1 1 0 0 7.270003 0.000000 0.000000 59.939936 0.000000
1 1 0 0 7.290003 0.000000 0.000000 59.939936 0.000000
1 1 0 0 7.310003 0.000000 0.000000 59.939936 0.000000
1 1 0 0 7.330003 0.000000 0.000000 59.939936 0.000000
1 1 0 0 7.350003 0.000000 0.000000 59.939936 0.000000
1 1 0 0 7.370003 0.000000 0.000000 59.939936 0.000000
1 1 0 0 7.390003 0.000000 0.000000 59.939936 0.000000
1 1 0 0 7.410003 0.000000 0.000000 59.939936 0.000000
1 1 0 0 7.430003 0.000000 0.000000 59.939936 0.000000
1 1 0 0 7.450003 0.000000 0.000000 59.939936 0.000000
1 1 0 0 7.470003 0.000000 0.000000 59.939936 0.000000
1 1 0 0 7.490003 0.000000 0.000000 59.939936 0.000000
1 1 0 0 7.510002 0.000000 0.000000 59.939936 0.000000
1 1 0 0 7.530002 0.000000 0.000000 59.939936 0.000000
1 1 0 0 7.550002 0.000000 0.000000 59.939936 0.000000
1 1 0 0 7.570002 0.000000 0.000000 59.939936 0.000000
1 1 0 0 7.590002 0.000000 0.000000 59.939936 0.000000
1 1 0 0 7.610002 0.000000 0.000000 59.939936 0.000000
1 1 0 0 7.630002 0.000000 0.000000 59.939936 0.000000
1 1 0 0 7.650002 0.000000 0.000000 59.939936 0.000000
1 1 0 0 7.670002 0.000000 0.000000 59.939936 0.000000
1 1 0 0 7.690002 0.000000 0.000000 59.939936 0.000000
1 1 0 0 7.710002 0.000000 0.000000 59.939936 0.000000
1 1 0 0 7.730002 0.000000 0.000000 59.939936 0.000000
1 1 0 0 7.750002 0.000000 0.000000 59.939936 0.000000
1 1 0 0 7.770002 0.000000 0.000000 59.939936 0.000000
1 1 0 0 7.790002 0.000000 0.000000 59.939936 0.000000
1 1 0 0 7.810002 0.000000 0.000000 59.939936 0.000000
1 1 0 0 7.830002 0.000000 0.000000 59.939936 0.000000
1 1 0 0 7.850002 0.000000 0.000000 59.939936 0.000000
1 1 0 0 7.870002 0.000000 0.000000 59.939936 0.000000
1 1 0 0 7.890002 0.000000 0.000000 59.939936 0.000000
1 1 0 0 7.910002 0.000000 0.000000 59.939936 0.000000
1 1 0 0 7.930002 0.000000 0.000000 59.939936 0.000000
1 1 0 0 7.950002 0.000000 0.000000 59.939936 0.000000
1 1 0 0 7.970002 0.000000 0.000000 59.939936 0.000000
1 1 0 0 7.990002 0.000000 0.000000 59.939936 0.000000
1 1 0 0 8.010002 0.000000 0.000000 59.939936 0.000000
1 1 0 0 8.030002 0.000000 0.000000 59.939936 0.000000
1 1 0 0 8.050002 0.000000 0.000000 59.939936 0.000000
1 1 0 0 8.070002 0.000000 0.000000 59.939936 0.000000
1 1 0 0 8.090002 0.000000 0.000000 59.939936 0.000000
1 1 0 0 8.110002 0.000000 0.000000 59.939936 0.000000
1 1 0 0 8.130002 0.000000 0.000000 59.939936 0.000000
1 1 0 0 8.150002 0.000000 0.000000 59.939936 0.000000
1 1 0 0 8.170002 0.000000 0.000000 59.939936 0.000000
1 1 0 0 8.190002 0.000000 0.000000 59.939936 0.000000
1 1 0 0 8.210002 0.000000 0.000000 59.939936 0.000000
1 1 0 0 8.230002 0.000000 0.000000 59.939936 0.000000
1 1 0 0 8.250002 0.000000 0.000000 59.939936 0.000000
1 1 0 0 8.270002 0.000000 0.000000 59.939936 0.000000
1 1 0 0 8.290002 0.000000 0.000000 59.939936 0.000000
1 1 0 0 8.310002 0.000000 0.000000 59.939936 0.000000
1 1 0 0 8.330002 0.000000 0.000000 59.939936 0.000000
1 1 0 0 8.350002 0.000000 0.000000 59.939936 0.000000
1 1 0 0 8.370002 0.000000 0.000000 59.939936 0.000000
1 1 0 0 8.390002 0.000000 0.000000 59.939936 0.000000
1 1 0 0 8.410002 0.000000 0.000000 59.939936 0.000000
1 1 0 0 8.430002 0.000000 0.000000 59.939936 0.000000
1 1 0 0 8.450002 0.000000 0.000000 59.939936 0.000000
1 1 0 0 8.470002 0.000000 0.000000 59.939936 0.000000
1 1 0 0 8.490002 0.000000 0.000000 59.939936 0.000000
1 1 0 0 8.510001 0.000000 0.000000 59.939936 0.000000
1 1 0 0 8.530001 0.000000 0.000000 59.939936 0.000000
1 1 0 0 8.550001 0.000000 0.000000 59.939936 0.000000
1 1 0 0 8.570001 0.000000 0.000000 59.939936 0.000000
1 1 0 0 8.590001 0.000000 0.000000 59.939936 0.000000
1 1 0 0 8.610001 0.000000 0.000000 59.939936 0.000000
1 1 0 0 8.630001 0.000000 0.000000 59.939936 0.000000
1 1 0 0 8.650001 0.000000 0.000000 59.939936 0.000000
1 1 0 0 8.670001 0.000000 0.000000 59.939936 0.000000
1 1 0 0 8.690001 0.000000 0.000000 59.939936 0.000000
1 1 0 0 8.710001 0.000000 0.000000 59.939936 0.000000
1 1 0 0 8.730001 0.000000 0.000000 59.939936 0.000000
1 1 0 0 8.750001 0.000000 0.000000 59.939936 0.000000
1 1 0 0 8.770001 0.000000 0.000000 59.939936 0.000000
1 1 0 0 8.790001 0.000000 0.000000 59.939936 0.000000
1 1 0 0 8.810001 0.000000 0.000000 59.939936 0.000000
1 1 0 0 8.830001 0.000000 0.000000 59.939936 0.000000
1 1 0 0 8.850001 0.000000 0.000000 59.939936 0.000000
1 1 0 0 8.870001 0.000000 0.000000 59.939936 0.000000
1 1 0 0 8.890001 0.000000 0.000000 59.939936 0.000000
1 1 0 0 8.910001 0.000000 0.000000 59.939936 0.000000
1 1 0 0 8.930001 0.000000 0.000000 59.939936 0.000000
1 1 0 0 8.950001 0.000000 0.000000 59.939936 0.000000
1 1 0 0 8.970001 0.000000 0.000000 59.939936 0.000000
1 1 0 0 8.990001 0.000000 0.000000 59.939936 0.000000
1 1 0 0 9.010001 0.000000 0.000000 59.939936 0.000000
1 1 0 0 9.030001 0.000000 0.000000 59.939936 0.000000
1 1 0 0 9.050001 0.000000 0.000000 59.939936 0.000000
1 1 0 0 9.070001 0.000000 0.000000 59.939936 0.000000
1 1 0 0 9.090001 0.000000 0.000000 59.939936 0.000000
1 1 0 0 9.110001 0.000000 0.000000 59.939936 0.000000
1 1 0 0 9.130001 0.000000 0.000000 59.939936 0.000000
1 1 0 0 9.150001 0.000000 0.000000 59.939936 0.000000
1 1 0 0 9.170001 0.000000 0.000000 59.939936 0.000000
1 1 0 0 9.190001 0.000000 0.000000 59.939936 0.000000
1 1 0 0 9.210001 0.000000 0.000000 59.939936 0.000000
1 1 0 0 9.230001 0.000000 0.000000 59.939936 0.000000
1 1 0 0 9.250001 0.000000 0.000000 59.939936 0.000000
1 1 0 0 9.270001 0.000000 0.000000 59.939936 0.000000
1 1 0 0 9.290001 0.000000 0.000000 59.939936 0.000000
1 1 0 0 9.310001 0.000000 0.000000 59.939936 0.000000
1 1 0 0 9.330001 0.000000 0.000000 59.939936 0.000000
1 1 0 0 9.350001 0.000000 0.000000 59.939936 0.000000
1 1 0 0 9.370001 0.000000 0.000000 59.939936 0.000000
1 1 0 0 9.390001 0.000000 0.000000 59.939936 0.000000
1 1 0 0 9.410001 0.000000 0.000000 59.939936 0.000000
1 1 0 0 9.430001 0.000000 0.000000 59.939936 0.000000
1 1 0 0 9.450001 0.000000 0.000000 59.939936 0.000000
1 1 0 0 9.470001 0.000000 0.000000 59.939936 0.000000
1 1 0 0 9.490001 0.000000 0.000000 59.939936 0.000000
1 1 0 0 9.510000 0.000000 0.000000 59.939936 0.000000
1 1 0 0 9.530000 0.000000 0.000000 59.939936 0.000000
1 1 0 0 9.550000 0.000000 0.000000 59.939936 0.000000
1 1 0 0 9.570000 0.000000 0.000000 59.939936 0.000000
1 1 0 0 9.590000 0.000000 0.000000 59.939936 0.000000
1 1 0 0 9.610000 0.000000 0.000000 59.939936 0.000000
1 1 0 0 9.630000 0.000000 0.000000 59.939936 0.000000
1 1 0 0 9.650000 0.000000 0.000000 59.939936 0.000000
1 1 0 0 9.670000 0.000000 0.000000 59.939936 0.000000
1 1 0 0 9.690000 0.000000 0.000000 59.939936 0.000000
1 1 0 0 9.710000 0.000000 0.000000 59.939936 0.000000
1 1 0 0 9.730000 0.000000 0.000000 59.939936 0.000000
1 1 0 0 9.750000 0.000000 0.000000 59.939936 0.000000
1 1 0 0 9.770000 0.000000 0.000000 59.939936 0.000000
1 1 0 0 9.790000 0.000000 0.000000 59.939936 0.000000
1 1 0 0 9.810000 0.000000 0.000000 59.939936 0.000000
1 1 0 0 9.830000 0.000000 0.000000 59.939936 0.000000
1 1 0 0 9.850000 0.000000 0.000000 59.939936 0.000000
1 1 0 0 9.870000 0.000000 0.000000 59.939936 0.000000
1 1 0 0 9.890000 0.000000 0.000000 59.939936 0.000000
1 1 0 0 9.910000 0.000000 0.000000 59.939936 0.000000
1 1 0 0 9.930000 0.000000 0.000000 59.939936 0.000000
1 1 0 0 9.950000 0.000000 0.000000 59.939936 0.000000
1 1 0 0 9.970000 0.000000 0.000000 59.939936 0.000000
1 1 0 0 9.990000 0.000000 0.000000 59.939936 0.000000

