1.216677 2880.724 0.3751309
1.409591 6588.29 0.09680526
1.779634 5775.476 0.02754339
1.809092 6298.306 0.190769
1.919186 4418.417 0.2964916
1.936811 4683.581 0.5280097
1.936811 4707.442 0.5355129
1.936811 4729.905 0.5419656
1.936811 4736.017 0.544673
1.936811 4741.325 0.5397939
1.936811 4748.767 0.5397747
1.940379 3910.328 0.08835311
1.952071 5751.919 0.1663073
2.066232 6174.196 0.06629892
2.125515 2490.673 0.2134389
2.177285 4942.21 0.404895
2.204477 2337.626 0.4239568
2.270117 2677.003 0.09497079
2.31912 3709.79 0.4142741
2.358996 2755.585 0.1413744
2.39241 2964.066 0.1105008
2.415417 2860.858 0.09472068
2.431473 2686.734 0.06578988
2.434982 3003.052 0.1110811
2.459732 3572.416 0.313746
2.461267 2740.322 0.06641218
2.622587 8026.119 0.4740412
2.735418 2890.753 0.2948539
2.767858 3114.103 0.1057047
2.772265 4278.047 0.3011699
2.77958 4040.741 0.2960306
2.786026 2787.959 0.09623322
2.787688 2865.439 0.06386017
2.832812 3308.012 0.03000978
2.866622 6373.133 0.2036551
2.875015 2853.797 0.07697499
2.88116 5128.975 0.5486127
2.895185 6373.133 0.1975815
2.918462 3174.973 0.1397599
2.925409 6373.133 0.2014637
2.927623 6373.133 0.1956671
2.945458 4050.516 0.3305009
2.945728 4426.123 0.2633047
2.948396 6373.133 0.2057277
2.95863 3310.381 0.01560238
2.996154 7740.229 0.574516
2.99745 6496.57 0.4996794
3.000311 3799.708 0.1192863
3.019213 2765.384 0.4150638
3.023871 5493.082 0.574486
3.024069 7242.486 0.2951513
3.060751 2844.686 0.05892113
3.065296 6373.133 0.1881158
3.090184 5866.956 0.3662795
3.091548 2988.246 0.03771681
3.096172 5202.279 0.1318815
3.097851 2562.376 0.3162816
3.11475 5543.893 0.1249333
3.116078 5190.949 0.3915532
3.139534 3737.683 0.009092147
3.191481 2584.631 0.09847279
3.19709 4833.301 0.1361393
3.198242 3139.057 0.03781641
3.253557 4062.218 0.3834824
3.26611 5439.368 0.1880159
3.317073 3699.117 0.07446642
3.404442 4572.625 0.2491734
3.411648 2939.917 0.04496006
3.578513 2804.231 0.1417541
3.873564 3207.874 0.02835191
3.900377 4998.224 0.2087082
3.923735 3471.47 0.00744074
3.937391 4753.076 0.05034298
4.04376 6216.004 0.4000193
4.091204 1857.2 0.1425042
4.098729 3087.967 0.3008001
4.121115 6487.925 0.1960284
4.309211 6623.001 0.07386239
4.442845 2437.03 0.2586307
4.472043 629.5525 0.00733663
4.520797 629.5525 0.01228451
4.585613 1078.181 0.1032794
4.59123 6038.35 0.287179
4.598888 3409.831 0.2181777
4.599508 629.5525 0.01443253
4.613198 629.5525 0.01519274
4.643383 629.5525 0.01040046
4.694346 2494.437 0.05028281
4.771892 629.5525 0.008165993
4.777068 3744.299 0.04789442
4.823094 4348.304 0.002646536
5.575004 823.1386 0.02924966
5.575004 2634.487 0.02823927
5.575004 2751.691 0.04854665
5.575004 2797.334 0.05282872
5.575004 2859.725 0.0316278
5.575004 2929.141 0.04137051
5.640355 2134.178 0.000616849
5.832505 3822.654 0.1919309
6.837195 8591.57 0.000616849
# initCovFnParam= 2.81238005685691 650.880704647857 4.02788051 4
