## Sat May 29 18:52:26 2021; Sample: 1; # of loci: 1; NrunsPerPoint=30;
## pointmin=1  pointmax=100 out of PointNumber=100
1.216677 2880.724 0.3751309 500.87756 500.87756 
1.409591 6588.29 0.09680526 498.14944 498.14944 
1.779634 5775.476 0.02754339 494.5867 494.5867 
1.809092 6298.306 0.190769 495.14688 495.14688 
1.919186 4418.417 0.2964916 494.5509 494.5509 
1.936811 4683.581 0.5280097 495.34741 495.34741 
1.936811 4707.442 0.5355129 495.36404 495.36404 
1.936811 4729.905 0.5419656 495.4621 495.4621 
1.936811 4736.017 0.544673 495.42548 495.42548 
1.936811 4741.325 0.5397939 495.42624 495.42624 
1.936811 4741.325 0.5397939 495.40945 495.40945 
1.936811 4748.767 0.5397747 495.42438 495.42438 
1.940379 3910.328 0.08835311 493.75879 493.75879 
1.952071 5751.919 0.1663073 494.21616 494.21616 
2.066232 6174.196 0.06629892 493.59323 493.59323 
2.125515 2490.673 0.2134389 493.07681 493.07681 
2.177285 4942.21 0.404895 494.28024 494.28024 
2.204477 2337.626 0.4239568 493.37561 493.37561 
2.270117 2677.003 0.09497079 492.53854 492.53854 
2.31912 3709.79 0.4142741 493.72534 493.72534 
2.358996 2755.585 0.1413744 492.31717 492.31717 
2.358996 2755.585 0.1413744 492.60718 492.60718 
2.39241 2964.066 0.1105008 492.44382 492.44382 
2.415417 2860.858 0.09472068 492.30948 492.30948 
2.431473 2686.734 0.06578988 492.10809 492.10809 
2.434982 3003.052 0.1110811 492.24017 492.24017 
2.459732 3572.416 0.313746 492.96634 492.96634 
2.461267 2740.322 0.06641218 492.26923 492.26923 
2.622587 8026.119 0.4740412 494.58966 494.58966 
2.735418 2890.753 0.2948539 492.49316 492.49316 
2.767858 3114.103 0.1057047 491.88605 491.88605 
2.772265 4278.047 0.3011699 492.98322 492.98322 
2.772265 4278.047 0.3011699 492.93732 492.93732 
2.77958 4040.741 0.2960306 492.92371 492.92371 
2.786026 2787.959 0.09623322 491.86771 491.86771 
2.787688 2865.439 0.06386017 492.05209 492.05209 
2.832812 3308.012 0.03000978 491.80493 491.80493 
2.866622 6373.133 0.2036551 493.18558 493.18558 
2.875015 2853.797 0.07697499 491.93115 491.93115 
2.88116 5128.975 0.5486127 494.53839 494.53839 
2.895185 6373.133 0.1975815 493.21335 493.21335 
2.918462 3174.973 0.1397599 492.04898 492.04898 
2.925409 6373.133 0.2014637 493.37561 493.37561 
2.925409 6373.133 0.2014637 493.23401 493.23401 
2.927623 6373.133 0.1956671 493.16272 493.16272 
2.945458 4050.516 0.3305009 493.21686 493.21686 
2.945728 4426.123 0.2633047 493.02371 493.02371 
2.948396 6373.133 0.2057277 493.2067 493.2067 
2.95863 3310.381 0.01560238 491.90533 491.90533 
2.996154 7740.229 0.574516 495.15475 495.15475 
2.99745 6496.57 0.4996794 494.72751 494.72751 
3.000311 3799.708 0.1192863 492.27383 492.27383 
3.019213 2765.384 0.4150638 493.01953 493.01953 
3.023871 5493.082 0.574486 494.88477 494.88477 
3.023871 5493.082 0.574486 494.89444 494.89444 
3.024069 7242.486 0.2951513 493.83041 493.83041 
3.060751 2844.686 0.05892113 491.87964 491.87964 
3.065296 6373.133 0.1881158 493.27634 493.27634 
3.090184 5866.956 0.3662795 493.99911 493.99911 
3.091548 2988.246 0.03771681 492.00464 492.00464 
3.096172 5202.279 0.1318815 492.74146 492.74146 
3.097851 2562.376 0.3162816 492.64551 492.64551 
3.11475 5543.893 0.1249333 492.79022 492.79022 
3.116078 5190.949 0.3915532 493.97253 493.97253 
3.139534 3737.683 0.009092147 492.19553 492.19553 
3.139534 3737.683 0.009092147 492.1188 492.1188 
3.191481 2584.631 0.09847279 492.03943 492.03943 
3.19709 4833.301 0.1361393 492.7562 492.7562 
3.198242 3139.057 0.03781641 491.84406 491.84406 
3.253557 4062.218 0.3834824 493.62366 493.62366 
3.26611 5439.368 0.1880159 493.23886 493.23886 
3.317073 3699.117 0.07446642 492.21606 492.21606 
3.404442 4572.625 0.2491734 493.32623 493.32623 
3.411648 2939.917 0.04496006 492.03098 492.03098 
3.578513 2804.231 0.1417541 492.3093 492.3093 
3.873564 3207.874 0.02835191 492.4783 492.4783 
3.873564 3207.874 0.02835191 492.42554 492.42554 
3.900377 4998.224 0.2087082 493.90433 493.90433 
3.923735 3471.47 0.00744074 492.51205 492.51205 
3.937391 4753.076 0.05034298 493.11945 493.11945 
4.04376 6216.004 0.4000193 495.81058 495.81058 
4.091204 1857.2 0.1425042 492.53064 492.53064 
4.098729 3087.967 0.3008001 493.96469 493.96469 
4.121115 6487.925 0.1960284 494.70471 494.70471 
4.309211 6623.001 0.07386239 494.40607 494.40607 
4.442845 2437.03 0.2586307 493.74542 493.74542 
4.472043 629.5525 0.00733663 491.80414 491.80414 
4.472043 629.5525 0.00733663 491.81345 491.81345 
4.520797 629.5525 0.01228451 491.94186 491.94186 
4.585613 1078.181 0.1032794 492.45166 492.45166 
4.59123 6038.35 0.287179 495.9834 495.9834 
4.598888 3409.831 0.2181777 494.40308 494.40308 
4.599508 629.5525 0.01443253 491.77167 491.77167 
4.613198 629.5525 0.01519274 491.96762 491.96762 
4.643383 629.5525 0.01040046 491.83322 491.83322 
4.694346 2494.437 0.05028281 493.35571 493.35571 
4.771892 629.5525 0.008165993 491.89395 491.89395 
4.777068 3744.299 0.04789442 493.96143 493.96143 
4.777068 3744.299 0.04789442 494.14426 494.14426 
4.823094 4348.304 0.002646536 494.15146 494.15146 
5.575004 823.1386 0.02924966 492.66714 492.66714 
5.575004 2634.487 0.02823927 494.70013 494.70013 
5.575004 2751.691 0.04854665 494.91821 494.91821 
5.575004 2797.334 0.05282872 494.97961 494.97961 
5.575004 2859.725 0.0316278 494.77246 494.77246 
5.575004 2929.141 0.04137051 494.8287 494.8287 
5.640355 2134.178 0.000616849 494.32541 494.32541 
5.832505 3822.654 0.1919309 496.76367 496.76367 
6.837195 8591.57 0.000616849 499.4108 499.4108 
6.837195 8591.57 0.000616849 499.24127 499.24127 
