## Sat May 29 18:50:32 2021; Sample: 1; # of loci: 1; NrunsPerPoint=30;
## pointmin=1  pointmax=100 out of PointNumber=100
1.373861 7007.101 0.5464612 499.72678 499.72678 
1.859663 6139.241 0.8068098 496.52133 496.52133 
2.011691 2167.645 0.09860449 493.2612 493.2612 
2.011691 2172.268 0.1039449 493.54993 493.54993 
2.011691 2177.717 0.1189068 493.27618 493.27618 
2.011691 2374.46 0.1347294 493.56421 493.56421 
2.011691 2461.74 0.1347187 493.47073 493.47073 
2.011691 2469.883 0.1322215 493.42026 493.42026 
2.13562 4197.548 0.4952057 494.57431 494.57431 
2.164651 3480.205 0.2290938 493.28226 493.28226 
2.164651 3480.205 0.2290938 493.2872 493.2872 
2.245414 3049.397 0.3682502 493.34598 493.34598 
2.251312 5320.563 0.4046027 494.25424 494.25424 
2.258359 2477.907 0.06840809 492.60349 492.60349 
2.289418 6118.344 0.5113677 494.68591 494.68591 
2.358382 1265.383 0.01261324 492.95819 492.95819 
2.446009 6113.35 0.6352213 494.99417 494.99417 
2.49251 2478.489 0.05761302 492.30707 492.30707 
2.546153 6.867826 0.001233698 556.20703 556.20703 
2.55085 3737.69 0.5478683 494.26184 494.26184 
2.599312 1758.593 0.09255015 492.01202 492.01202 
2.599312 1758.593 0.09255015 491.88452 491.88452 
2.655696 3929.946 0.12907 492.20703 492.20703 
2.661172 5333.349 0.1696107 492.82504 492.82504 
2.793004 7019.297 0.2564234 493.58203 493.58203 
2.806309 7019.297 0.2590403 493.45749 493.45749 
2.819088 7019.297 0.2790513 493.67093 493.67093 
2.849518 7019.297 0.2549687 493.58432 493.58432 
2.853584 2340.356 0.02052813 491.81943 491.81943 
2.854993 4351.695 0.09036372 492.32498 492.32498 
2.872309 5348.998 0.2611861 493.14468 493.14468 
2.873455 4977.422 0.3775682 493.69385 493.69385 
2.873455 4977.422 0.3775682 493.66565 493.66565 
2.943642 1936.117 0.03320206 491.81842 491.81842 
2.963201 1741.631 0.01557016 491.70163 491.70163 
2.973607 2191.565 0.2088501 491.96445 491.96445 
2.974744 7699.188 0.3199976 494.09033 494.09033 
2.997808 7019.297 0.2431543 493.57129 493.57129 
3.002757 7019.297 0.242122 493.53339 493.53339 
3.011798 1611.631 0.07913583 491.74857 491.74857 
3.026557 7430.255 0.267511 493.74222 493.74222 
3.047159 1213.864 0.01377744 491.80466 491.80466 
3.065425 4471.542 0.09578951 492.35681 492.35681 
3.065425 4471.542 0.09578951 492.3718 492.3718 
3.075517 1827.485 0.02350352 491.55823 491.55823 
3.105543 5267.08 0.1466397 492.87048 492.87048 
3.121247 1923.903 0.0367372 491.58542 491.58542 
3.127687 7034.13 0.4062769 494.46671 494.46671 
3.133011 6.867826 0.001233698 548.07251 548.07251 
3.142167 1680.338 0.1687436 491.62173 491.62173 
3.160847 6.867826 0.001233698 547.87103 547.87103 
3.178596 1649.252 0.04522818 491.73096 491.73096 
3.183652 4177.503 0.3025342 493.24533 493.24533 
3.191277 1479.425 0.03260886 491.64346 491.64346 
3.191277 1479.425 0.03260886 491.64807 491.64807 
3.208164 6898.587 0.3554553 494.30701 494.30701 
3.221211 5631.588 0.3934536 494.2413 494.2413 
3.22324 1481.019 0.001233698 491.70813 491.70813 
3.225913 4324.676 0.001233698 492.13235 492.13235 
3.243818 1320.961 0.04248415 491.46844 491.46844 
3.276899 1556.63 0.01063722 491.66974 491.66974 
3.284943 1551.531 0.1070013 491.63339 491.63339 
3.357815 6101.54 0.2990063 493.90121 493.90121 
3.35955 1601.973 0.08160483 491.64932 491.64932 
3.394462 7142.523 0.4603877 495.16748 495.16748 
3.394462 7142.523 0.4603877 495.15927 495.15927 
3.519053 5401.191 0.1538722 493.34903 493.34903 
3.55538 3429.31 0.1564269 492.63318 492.63318 
3.562283 1211.579 0.2458152 491.89203 491.89203 
3.58574 1043.584 0.02232921 491.71512 491.71512 
3.609879 2312.605 0.3715336 493.2439 493.2439 
3.617274 3830.551 0.4143482 494.23224 494.23224 
3.674114 6.867826 0.001233698 542.33356 542.33356 
3.678019 5730.606 0.2768809 494.20068 494.20068 
3.782433 5318.706 0.3172664 494.54715 494.54715 
3.854599 1773.358 0.1612165 492.17661 492.17661 
3.854599 1773.358 0.1612165 492.07605 492.07605 
3.890893 1355.865 0.02142341 491.5661 491.5661 
3.903633 1301.756 0.01524332 491.72656 491.72656 
3.964295 1083.872 0.01522462 491.702 491.702 
3.98523 7531.568 0.1830073 494.70975 494.70975 
4.02427 1109.139 0.01725908 491.79062 491.79062 
4.096411 1140.215 0.01744306 491.8609 491.8609 
4.101105 7543.795 0.2183968 494.99374 494.99374 
4.150054 2858.078 0.1654703 493.26401 493.26401 
4.162716 6.867826 0.001233698 538.00824 538.00824 
4.169749 4580.618 0.0776656 493.49615 493.49615 
4.169749 4580.618 0.0776656 493.55219 493.55219 
4.189228 3172.645 0.1916742 493.57394 493.57394 
4.215026 727.4865 0.001233698 491.75388 491.75388 
4.224328 2408.157 0.04635281 492.67319 492.67319 
4.445599 1330.939 0.001233698 492.23505 492.23505 
4.462583 3907.209 0.240167 494.63779 494.63779 
4.531061 3441.089 0.1016612 493.75388 493.75388 
4.622736 1209.722 0.2083713 492.8183 492.8183 
4.64848 2330.683 0.1588162 493.54282 493.54282 
4.83487 792.731 0.08974465 492.22638 492.22638 
4.874545 5974.276 0.3402554 496.93881 496.93881 
4.874545 5974.276 0.3402554 496.9353 496.9353 
4.953519 5497.666 0.01620128 495.04303 495.04303 
5.005202 6228.139 0.4677806 498.23703 498.23703 
5.274849 7652.011 0.306043 497.95422 497.95422 
5.355765 1649.403 0.1225089 493.8432 493.8432 
5.355765 1662.588 0.1261687 493.94766 493.94766 
5.355765 1793.956 0.1206087 494.02972 494.02972 
5.355765 1884.688 0.1126562 494.17389 494.17389 
5.355765 1919.825 0.1193096 494.29764 494.29764 
5.355765 1959.152 0.1349843 494.26562 494.26562 
6.347396 6.867826 0.0221778 525.02759 525.02759 
6.347396 6.867826 0.0221778 524.86646 524.86646 
