1.492069 2077.522 0.4451994
1.557999 1213.2 0.1625173
1.586472 3189.089 1.039949e-06
1.657189 2670.521 0.3002939
1.67217 1324.601 0.1898756
1.75921 6466.154 0.3176012
1.76788 4729.552 0.0435751
1.880397 2313.622 1.039949e-06
1.881204 4213.727 0.0315631
1.894547 1537.512 0.0212121
1.927535 1628.291 0.3401827
1.946286 5081.434 0.6548016
1.961799 2291.812 1.039949e-06
1.969653 1394.415 0.1972868
1.993277 4192.098 0.02559212
1.993277 4200.246 0.006487418
1.993277 4332.898 0.01227415
1.993277 4333.882 0.01217639
1.993277 4539.283 0.02138951
1.993277 4778.273 0.01533896
1.997597 2224.658 0.7725886
1.998285 566.0876 0.2901652
2.009989 3711.303 0.06640823
2.038052 5690.799 0.01794351
2.039515 4367.99 1.039949e-06
2.041813 489.4005 0.8242997
2.070427 2314.777 1.039949e-06
2.093371 2748.866 1.039949e-06
2.110845 3313.947 0.06743376
2.118159 3674.557 1.039949e-06
2.122399 1897.396 0.4967023
2.152921 857.8852 0.3833859
2.16906 5212.104 0.2717037
2.206454 7233.64 0.07729049
2.222363 721.9757 0.1523535
2.222818 1233.343 0.7772824
2.249744 4824.882 0.03126931
2.258739 542.5325 0.778264
2.271104 3004.659 0.533206
2.277832 200.5618 0.5776226
2.374946 1788.214 0.3576304
2.378718 4423.685 0.01902521
2.397538 960.1742 0.3907821
2.398856 2625.391 0.03452634
2.40651 2753.601 0.2906703
2.416973 4633.939 0.09813217
2.458215 2689.982 0.3881558
2.474786 4344.275 0.1652906
2.479266 492.8869 0.8448216
2.494016 3277.196 0.2687304
2.500722 2524.864 1.039949e-06
2.504555 4406.089 0.4238879
2.529769 3424.294 0.3542787
2.53013 193.0001 0.7906632
2.532763 6151.313 0.1910527
2.550123 5956.635 0.2343882
2.554443 2968.499 0.7469679
2.569016 705.9345 0.2304464
2.57983 3486.671 0.03271847
2.592977 3257.401 0.2660343
2.596885 2682.008 0.5873907
2.611502 930.8689 0.3225838
2.624419 4624.601 0.3058237
2.624601 1281.923 0.8607335
2.64699 371.8884 0.674812
2.648019 318.0687 0.1934451
2.648901 165.6514 0.5795874
2.657066 2612.58 1.039949e-06
2.659052 5671.579 0.2926447
2.678708 705.6165 0.0003786805
2.704476 1176.454 0.5908246
2.707908 205.0446 0.7430682
2.71769 5628.132 0.08373934
2.721405 1530.451 1.039949e-06
2.724549 191.9225 0.8179321
2.729481 371.4987 0.5839441
2.734786 5836.982 0.100825
2.748578 4241.866 0.001825614
2.752062 1262.865 0.402002
2.759119 3156.677 0.07161304
2.784281 190.6419 0.7922743
2.792429 3437.94 0.07130255
2.804827 5064.349 0.3164765
2.808013 2638.112 0.4395658
2.815198 2478.734 0.5862998
2.83011 296.4783 0.3580937
2.83426 645.8415 0.2238789
2.835963 1670.566 0.5958646
2.860086 477.5972 0.5330379
2.868095 3666.775 0.1177907
2.896759 3530.061 0.05834838
2.899394 502.7375 0.1267639
2.904343 2453.066 0.5294584
2.904394 4028.746 0.1053642
2.907451 1513.706 0.7884644
2.90918 120.6325 0.8475646
2.923319 4141.583 0.001319673
2.941527 2289.261 0.1724596
2.950077 189.9205 0.7748798
2.957324 5046.663 0.006581102
2.972457 3584.198 0.07002816
2.974181 5327.515 0.2388886
2.979032 190.1304 0.8160705
2.983422 189.4888 0.7642849
2.984049 4163.108 0.05105956
2.996242 223.0817 0.7728081
3.038706 5020.874 0.1556096
3.059282 2423.711 0.6858207
3.060858 3829.525 0.2080018
3.066979 3536.936 0.1705782
3.071264 361.7898 0.3200752
3.071459 1954.688 0.7400953
3.085953 3647.027 0.06806368
3.092432 4747.962 0.7016906
3.138595 3979.58 0.04927096
3.162772 504.1568 0.4068894
3.163104 5630.097 0.41181
3.165776 51.08874 0.8544209
3.178086 4664.767 0.04939931
3.187832 51.08874 0.8608013
3.19094 3426.647 0.490296
3.204004 51.08874 0.870915
3.219032 2535.412 0.5044361
3.233426 2436.454 0.5195901
3.236443 51.08874 0.868721
3.248519 51.08874 0.8698789
3.253586 2780.275 0.1123654
3.260988 4516.813 0.2819088
3.262231 51.08874 0.8605109
3.270894 1423.64 0.5190594
3.273323 3090.005 0.4759461
3.306724 657.1075 0.7089556
3.322502 172.3307 0.6893327
3.333202 252.82 0.4929792
3.386503 241.3144 0.8517007
3.41468 2459.298 0.4026945
3.427474 2264.98 0.01448659
3.435503 3552.449 0.5171693
3.437245 630.2647 0.5310634
3.449029 3692.754 0.2755029
3.471195 238.2892 0.8665264
3.479851 3962.315 0.4964986
3.488626 1728.87 1.039949e-06
3.497785 1382.897 0.4245344
3.511497 192.5411 0.8070449
3.514654 3130.015 0.6818408
3.524046 2230.621 0.5589157
3.530108 5501.279 0.1451906
3.539804 283.358 0.6205906
3.540199 2828.321 0.6332608
3.541737 1497.835 0.0977732
3.542233 5002.662 0.7848806
3.568167 656.0512 0.08864019
3.568464 1882.904 0.5179013
3.574912 241.9252 0.6567696
3.577118 2661.016 1.039949e-06
3.583204 3614.854 0.3862628
3.589556 984.2306 0.05832357
3.595465 6446.217 0.03134257
3.598898 3439.672 0.6416302
3.60129 206.0476 0.8544684
3.61964 2977.86 1.039949e-06
3.633202 3666.928 1.039949e-06
3.671443 882.3415 0.1050185
3.68422 3844.266 0.02878428
3.707094 260.5698 0.6530284
3.735906 5519.796 0.07828842
3.738822 488.3566 0.03942649
3.756446 3679.229 0.2962301
3.773439 1146.969 0.7097321
3.78231 4977.124 0.1636853
3.794297 928.3273 0.128261
3.818289 820.8329 0.6572809
3.837829 4044.33 1.039949e-06
3.880988 1559.299 1.039949e-06
3.889357 5057.424 0.06508624
3.903411 213.2771 0.8442709
3.915867 1203.997 0.2200991
3.927263 4172.861 1.039949e-06
3.928157 2316.164 0.2826632
3.948522 3191.13 0.03136701
3.958951 4858.842 1.039949e-06
3.968411 2516.357 0.2679846
3.972476 895.1007 1.039949e-06
4.013192 3917.413 0.3450601
4.062672 3542.657 0.0878661
4.08748 1657.994 1.039949e-06
4.10677 333.6206 0.6866559
4.111256 232.2078 0.7807054
4.116219 136.6395 0.4535463
4.154973 2836.642 0.5920913
4.188315 5769.978 0.3619767
4.209022 633.8083 0.2746951
4.217247 1401.565 0.4463253
4.233115 0.804796 0.7983573
4.279968 284.1984 0.508767
4.314451 1685.729 0.2948103
4.332459 1686.018 1.039949e-06
4.376061 1720.723 0.4353727
4.378298 154.9717 0.6920287
4.383041 289.3064 0.5479661
4.390056 3987.371 0.2758489
4.391659 5338.79 0.5283517
4.396072 2060.886 0.3619726
4.402107 0.804796 0.8809369
4.418706 1058.501 0.1685179
4.422803 2937.95 0.180493
4.461459 1114.669 0.596919
4.473567 6772.869 0.03592429
4.489402 3234.275 0.1115766
4.56404 443.8596 0.1522387
4.571167 652.9386 0.8512567
4.583109 2640.149 0.07375593
4.586625 3808.195 0.4275026
4.599424 2295.828 1.039949e-06
4.610406 3038.465 1.039949e-06
4.651965 2098.79 0.1795007
4.673231 4918.196 0.09146473
4.745753 3745.965 0.1705072
4.794994 1686.704 0.508495
4.828618 3013.74 1.039949e-06
4.857707 1119.723 0.3060261
4.871561 952.7532 0.2928796
4.871711 981.6458 0.5055453
4.899269 1898.577 0.3944865
4.940405 1053.183 0.3002785
4.947474 224.0516 0.662989
4.947474 255.0947 0.7031272
4.947474 264.1828 0.6236888
4.947474 269.127 0.5217653
4.947474 322.1859 0.3995806
4.947474 344.105 0.5828756
4.95326 361.2515 0.6214389
4.984105 2361.932 1.039949e-06
4.98599 3332.825 0.08867189
5.004826 3966.43 0.3922357
5.022265 2876.563 0.4724337
5.024429 5437.032 0.007088054
5.315104 368.397 0.6763743
5.399382 1996.356 0.2605134
5.446837 2430.128 0.2341589
5.493415 4496.417 1.039949e-06
5.600218 2150.296 0.1780597
5.645064 816.2016 0.4769655
5.656321 1970.205 0.06189352
5.725233 2383.452 0.3731157
5.751296 1053.232 0.7287061
5.81755 2897.4 0.04719993
6.301734 961.2903 0.2603861
6.607024 2788.177 0.2632769
# initCovFnParam= 2.71577917193395 634.687565200688 2.35793586762613 4
