1.622688 2137.506 0.5073168
1.640992 875.4448 0.3745242
1.654297 4070.066 0.433356
1.659582 2536.935 2.079898e-06
1.724679 2510.686 0.1563822
1.798259 2336.143 0.1899683
1.903861 1356.329 0.2305153
1.92744 3634.269 0.4443303
1.946759 4841.54 0.4268184
1.958123 2076.83 2.079898e-06
1.999642 237.8599 0.7812436
1.999642 4277.284 0.05510187
1.999642 4600.377 0.04541596
1.999642 4695.212 0.02863385
1.999642 5962.419 0.05228829
1.999642 6068.87 0.01735991
2.032706 423.4766 0.7328174
2.070127 4383.159 2.079898e-06
2.096441 1361.339 0.5303653
2.11722 443.2949 0.4207901
2.133716 201.271 0.7199498
2.137992 4513.878 0.240692
2.139999 758.4185 0.1044248
2.143488 3175.717 0.3021032
2.144648 5433.706 0.4740104
2.177101 1060.569 0.7882886
2.217561 3033.439 0.2283392
2.218015 4745.612 0.4910577
2.22531 3929.79 0.06219649
2.290585 4652.237 0.3424548
2.324871 1340.5 0.5652068
2.335774 3472.19 0.9178863
2.340989 1684.768 2.079898e-06
2.369572 415.5399 0.6952968
2.390782 4395.662 0.3345802
2.400967 637.5974 0.3517999
2.41058 1969.159 0.286905
2.412867 2733.997 0.006462355
2.465861 3593.17 0.4589544
2.468212 338.3845 0.5613324
2.488595 1624.366 0.1679817
2.491737 3300.596 2.079898e-06
2.496068 4268.415 0.238741
2.499988 232.4512 0.8147274
2.50957 280.9765 0.7216837
2.512415 1048.31 0.7908465
2.531178 4302.178 0.3401656
2.536146 1942.831 0.5564269
2.538254 240.2167 0.6739348
2.549694 869.5803 0.03343293
2.557057 3202.334 2.079898e-06
2.560633 361.7845 0.2274001
2.584892 4960.024 2.079898e-06
2.587928 467.9162 0.6262584
2.591113 2960.348 0.2194898
2.612102 3797.4 0.2799178
2.615919 4878.541 0.435475
2.622016 5123.529 0.459572
2.63473 1104.207 0.4582332
2.641307 1121.632 0.5013037
2.64595 415.3502 0.280294
2.649064 935.8519 0.8105279
2.664987 3937.465 0.3829274
2.671146 2804.883 0.002682607
2.685404 3577.742 2.079898e-06
2.704059 2492.226 0.01776578
2.704653 2863.309 0.1326995
2.70549 2820.178 0.03815699
2.707278 0.804796 0.8178361
2.726247 4224.102 0.04741127
2.732514 6303.18 0.04442966
2.745267 913.4102 0.2235968
2.751541 5191.602 0.06340141
2.753377 5126.478 0.2717559
2.760219 4374.579 0.04758662
2.765453 434.814 0.6076169
2.776792 288.406 0.6391264
2.785329 4455.889 0.3392387
2.800051 195.2576 0.5798514
2.817484 0.804796 0.6648701
2.820982 941.3425 0.5817566
2.828418 4238.015 0.05629131
2.837406 205.5559 0.869291
2.839143 927.3044 2.079898e-06
2.846864 4352.172 0.4367566
2.853181 6812.09 0.05393903
2.876658 4366.932 0.006681025
2.898367 3744.076 0.3375533
2.901431 3745.92 0.02488345
2.903675 227.5695 0.6314629
2.91166 285.4564 0.6135651
2.913367 4599.531 0.01279261
2.915151 2598.763 0.4648106
2.96784 4859.89 0.4091069
2.968279 375.8583 0.4801289
2.970885 2619.214 0.5314877
2.978511 1878.244 0.6242106
2.994306 3804.853 0.447225
3.003127 6149.242 0.03245164
3.01718 190.8459 0.6537343
3.01981 4958.209 0.06104807
3.026668 2821.082 0.4610721
3.056539 2395.815 0.2892035
3.06998 1934.379 0.3575195
3.093768 278.9058 0.87883
3.119157 263.716 0.8165483
3.121078 932.6686 0.6674025
3.143961 482.1015 0.5340739
3.146291 773.5371 0.7356559
3.147217 5097.183 0.7613012
3.157434 4627.443 0.3860669
3.165915 924.0987 0.6244837
3.177223 50.7532 0.8548163
3.196993 50.7532 0.8643993
3.199805 1336.686 0.7886577
3.209242 50.7532 0.8613642
3.209502 4863.391 0.3587378
3.219735 816.7366 0.2444916
3.224091 50.7532 0.8602402
3.232103 50.7532 0.8599614
3.244731 50.7532 0.8701365
3.269884 2399.53 0.08357582
3.27579 5158.402 0.001788561
3.284894 198.4432 0.8093988
3.289238 437.3031 0.4046359
3.295221 5015.166 0.4535678
3.297423 309.2014 0.565114
3.317459 2261.742 0.2062499
3.319576 517.6713 0.1480798
3.322104 454.6142 0.5533801
3.345246 202.0872 0.7658709
3.348845 1737.265 0.8517626
3.365043 5355.802 0.4975175
3.369657 3171.708 0.176323
3.372671 3319.596 0.5987435
3.388104 158.5204 0.8381613
3.436889 367.0602 0.581881
3.447153 1536.634 0.5894243
3.466829 5587.51 0.3190634
3.501106 273.7839 0.5743382
3.539477 1403.093 0.3263514
3.549689 1553.141 0.5096078
3.564253 598.2201 0.6981234
3.568654 4374.713 0.5872043
3.571915 4237.196 0.3508188
3.594208 754.2596 0.4821037
3.614588 1464.318 0.1179341
3.616249 5167.96 0.4878472
3.668156 204.2063 0.6484528
3.669203 2969.058 0.1473051
3.6697 3405.299 0.09114972
3.683814 1179.142 0.2843453
3.68533 2872.092 0.1901946
3.735564 4243.501 2.079898e-06
3.743074 4101.763 0.191578
3.746591 2122.561 0.1533724
3.792356 197.1916 0.2891409
3.820474 204.2978 0.5679449
3.8236 3278.878 0.2090899
3.82518 1634.676 0.6236105
3.830081 5229.064 0.1177081
3.859206 2886.389 0.4096966
3.867302 946.5263 0.5064891
3.89369 2311.925 2.079898e-06
3.896607 201.4497 0.4939693
3.903775 1178.991 0.0283073
3.905703 4836.081 0.3987147
3.916069 1257.471 0.672565
3.940004 1666.375 2.079898e-06
3.955046 1094.213 0.5504449
3.958688 1897.377 0.3770657
3.970579 5648.28 0.1610092
3.981785 2264.715 0.1169417
3.98403 4118.43 0.8033926
3.988454 2221.621 0.1830183
3.995841 502.0246 0.2583331
3.997217 4327.369 0.3005703
4.027762 4639.938 2.079898e-06
4.036486 4008.109 0.2229133
4.063209 2944.183 2.079898e-06
4.077119 203.5119 0.4366082
4.102629 2815.559 0.0679926
4.13579 1190.957 0.08655014
4.135893 5725.679 0.2520552
4.158471 6142.406 0.02141401
4.175752 1267.043 0.351624
4.2103 2078.882 0.3034503
4.230442 909.4348 0.6113566
4.256828 2466.317 0.3008588
4.279441 5821.322 0.3988549
4.280305 2514.912 0.07145269
4.309103 4827.422 0.1781919
4.376693 737.9445 0.05102205
4.401898 1006.835 0.07694014
4.425622 3868.691 0.03595333
4.427646 2594.155 0.5904479
4.437103 1616.136 0.4534309
4.43895 2565.409 0.3773975
4.439296 5287.674 2.079898e-06
4.464612 4503.144 0.5778674
4.480422 4390.016 0.3440361
4.497833 3205.949 0.09299934
4.551205 651.4181 0.2786289
4.566472 1911.676 0.7027567
4.567841 88.63797 0.6325277
4.595481 248.0475 0.6245457
4.611197 2474.476 0.1168724
4.637918 4418.615 0.03495622
4.667454 4118.195 2.079898e-06
4.678488 1853.345 0.7704493
4.684009 4987.617 0.1136892
4.69318 2140.518 0.1896629
4.707617 3237.236 0.05388957
4.768731 290.1295 0.4819052
4.768731 308.4947 0.5960612
4.768731 366.2681 0.499989
4.768731 367.6214 0.5881461
4.768731 470.015 0.3193668
4.768731 508.1277 0.4465115
4.778118 1524.125 0.7110808
4.793549 2326.518 0.05519679
4.798928 1170.783 0.2993077
4.799276 440.9849 0.4410734
4.853569 3476.645 0.7378349
4.857706 1320.499 0.319387
4.861609 453.4183 0.09577852
4.863828 725.1813 0.8460622
4.864713 321.8344 2.079898e-06
4.885464 6150.746 0.1597296
4.912463 730.8204 0.4623244
4.934046 2336.856 2.079898e-06
4.934907 4858.134 0.4254051
4.93674 1783.503 0.7646659
4.992315 840.0946 0.6114149
4.9988 2058.435 0.06535965
5.014169 4482.351 0.07850655
5.089772 4855.02 0.008289736
5.207675 488.8624 0.8763044
5.267839 4667.854 0.1959325
5.469636 2913.478 0.006335261
5.499507 480.1016 0.6757655
5.540148 2042.701 0.3827955
5.773334 1641.876 0.3750428
5.857205 439.4138 0.108862
5.995714 4368.627 0.09977669
6.002766 3599.653 0.1004157
6.006764 636.4885 0.8253964
6.56518 870.4597 0.1132355
6.797719 842.905 2.079898e-06
6.845398 2243.425 2.079898e-06
# initCovFnParam= 2.41548681430083 679.596473342081 1.59659211974958 4
