## Fri May 28 19:12:09 2021; Sample: 1; # of loci: 1; NrunsPerPoint=30;
## pointmin=1  pointmax=100 out of PointNumber=100
2.606419 3059.13 0.0108186 492.77823 492.77823 
2.688752 2413.582 0.07459096 492.73889 492.73889 
2.728809 3122.761 0.01860207 492.51831 492.51831 
2.771164 2364.446 0.05704222 492.68588 492.68588 
2.814956 2815.846 0.04211833 492.41257 492.41257 
2.841639 2562.175 0.0005324535 492.71472 492.71472 
2.844128 3096.7 0.05630562 492.59457 492.59457 
2.892454 2455.256 0.02977512 492.55148 492.55148 
2.910525 2719.888 0.03598609 492.62912 492.62912 
2.911193 2417.608 0.01159527 492.66321 492.66321 
2.911193 2417.608 0.01159527 492.6619 492.6619 
2.928529 2171.727 0.03993325 492.58966 492.58966 
2.950773 2523.361 0.03156736 492.65756 492.65756 
2.951027 2563.356 0.0005324535 492.62762 492.62762 
2.985238 1890.729 0.09597859 492.5224 492.5224 
3.010858 2158.807 0.03714297 492.62357 492.62357 
3.034433 1775.505 0.0847609 492.59348 492.59348 
3.045047 1641.122 0.141183 492.7583 492.7583 
3.045047 2144.472 0.08400714 492.68002 492.68002 
3.045047 2176.739 0.06434843 492.84894 492.84894 
3.045047 2192.935 0.08071237 492.54089 492.54089 
3.045047 2192.935 0.08071237 492.46158 492.46158 
3.045047 2234.825 0.1029612 492.50189 492.50189 
3.045047 2350.719 0.07031241 492.5741 492.5741 
3.049148 2483.69 0.0662284 492.58655 492.58655 
3.050063 2359.555 0.0693021 492.53708 492.53708 
3.052624 2031.704 0.02549169 492.6683 492.6683 
3.058655 2395.679 0.05949467 492.67856 492.67856 
3.062595 2127.413 0.04194395 492.67935 492.67935 
3.063481 2064.324 0.0005324535 492.79028 492.79028 
3.064101 2647.064 0.07384394 492.4585 492.4585 
3.069076 2040.436 0.02160024 492.70792 492.70792 
3.069076 2040.436 0.02160024 492.6665 492.6665 
3.069924 1743.709 0.09698369 492.69366 492.69366 
3.073992 2065.081 0.05028856 492.57135 492.57135 
3.077133 1932.585 0.08826732 492.616 492.616 
3.080999 1974.442 0.08055172 492.60428 492.60428 
3.096441 2089.279 0.0005324535 492.63867 492.63867 
3.099651 1758.577 0.1076723 492.65848 492.65848 
3.100257 2206.656 0.04450235 492.74261 492.74261 
3.106269 2565.093 0.0689242 492.50793 492.50793 
3.107928 2273.709 0.08093384 492.64755 492.64755 
3.110914 1912.086 0.05070502 492.68338 492.68338 
3.110914 1912.086 0.05070502 492.71002 492.71002 
3.122786 2234.369 0.07140435 492.56717 492.56717 
3.123619 1992.384 0.007490349 492.81366 492.81366 
3.142351 1978.531 0.003993899 492.65942 492.65942 
3.149481 1891.828 0.01164181 492.71982 492.71982 
3.151168 1581.543 0.07490878 492.69412 492.69412 
3.154983 1892.8 0.04067947 492.66055 492.66055 
3.158785 1689.989 0.03811611 492.79968 492.79968 
3.165758 1875.117 0.002893227 492.86783 492.86783 
3.172639 2008.793 0.05050435 492.6373 492.6373 
3.175621 1866.111 0.01711025 492.77698 492.77698 
3.175621 1866.111 0.01711025 492.76248 492.76248 
3.180684 1894.558 0.01343041 492.77051 492.77051 
3.18142 1510.921 0.1163834 492.66763 492.66763 
3.182989 2066.13 0.08016 492.62375 492.62375 
3.192944 2057.554 0.06660107 492.64981 492.64981 
3.205126 2016.133 0.05852207 492.4776 492.4776 
3.209093 1657.123 0.02593541 492.80182 492.80182 
3.215837 2004.811 0.0005324535 492.73953 492.73953 
3.238375 1968.589 0.04680715 492.50406 492.50406 
3.239884 1999.54 0.0005324535 492.76593 492.76593 
3.255114 1530.411 0.03078157 492.96857 492.96857 
3.255114 1530.411 0.03078157 492.94278 492.94278 
3.266038 1012.341 0.03569008 493.5014 493.5014 
3.281256 1485.26 0.0576213 492.90036 492.90036 
3.289093 1581.374 0.02501692 492.91599 492.91599 
3.365631 1180.596 0.09025912 492.99179 492.99179 
3.368285 1338.679 0.06332821 492.99631 492.99631 
3.38145 1589.797 0.03400731 492.78696 492.78696 
3.409939 1222.203 0.05894534 493.02817 493.02817 
3.413018 1628.424 0.04110871 492.83224 492.83224 
3.457724 1063.361 0.05520318 493.17715 493.17715 
3.521567 1188.47 0.0362918 493.1442 493.1442 
3.521567 1188.47 0.0362918 493.02902 493.02902 
3.569709 555.393 0.08751091 493.7663 493.7663 
3.604862 786.1334 0.04170679 493.53018 493.53018 
3.611472 820.6011 0.03462752 493.55908 493.55908 
3.611927 822.1155 0.02598123 493.63574 493.63574 
3.641401 844.0271 0.01409104 493.63388 493.63388 
3.643673 747.933 0.03108146 493.7984 493.7984 
3.664279 704.8893 0.02771648 493.78378 493.78378 
3.665117 361.253 0.004841417 495.91364 495.91364 
3.666561 705.1575 0.02191307 493.98193 493.98193 
3.67714 777.1608 0.01699863 493.63968 493.63968 
3.67714 777.1608 0.01699863 493.71671 493.71671 
3.678957 361.253 0.01425557 495.60101 495.60101 
3.679009 361.253 0.01122921 495.65305 495.65305 
3.687686 735.98 0.02021898 494.00912 494.00912 
3.69075 361.253 0.001771427 496.0444 496.0444 
3.692203 766.0486 0.01846442 493.73889 493.73889 
3.694962 761.9795 0.01799188 493.70834 493.70834 
3.712743 599.8481 0.003645064 494.31506 494.31506 
3.764288 599.8481 0.01387833 494.36636 494.36636 
3.794868 361.253 0.02535203 495.45041 495.45041 
3.801365 361.253 0.01683477 495.63818 495.63818 
3.801365 361.253 0.01683477 495.66983 495.66983 
3.834318 599.8481 0.02050407 494.2374 494.2374 
3.842188 599.8481 0.02664234 494.21539 494.21539 
3.948065 599.8481 0.03756821 493.98029 493.98029 
3.969298 599.8481 0.031488 494.0578 494.0578 
4.15723 670.7527 0.1803313 493.5072 493.5072 
4.15723 685.6483 0.2827716 493.28781 493.28781 
4.15723 788.3219 0.06430027 493.87546 493.87546 
4.15723 3244.841 0.568448 496.20215 496.20215 
4.15723 3251.418 0.5338564 495.87863 495.87863 
4.15723 3313.233 0.5723337 496.18851 496.18851 
4.15723 3313.233 0.5723337 496.20538 496.20538 
