1.445634 3062.397 0.02095814
1.531081 8289.678 0.1103908
1.540648 986.4485 0.00205838
1.613797 760.0589 0.00205838
1.63273 4450.292 0.00205838
1.635329 3236.179 0.09856985
1.805905 2300.785 0.06115572
1.829207 2976.122 0.008026012
1.831443 4573.553 0.0262788
1.833607 2860.14 0.07498828
1.849393 550.953 0.00205838
1.854421 3618.11 0.04623404
1.858094 3216.097 0.00205838
1.909989 1810.029 0.03186326
1.909989 2159.593 0.03700453
1.909989 3588.855 0.02768998
1.909989 3638.561 0.06587463
1.909989 5250.743 0.04412975
1.909989 5764.299 0.02249367
1.942616 3199.382 0.01567407
2.006439 1300.434 0.00205838
2.023329 4344.218 0.00205838
2.10238 1.549156 0.08269059
2.138881 3691.581 0.04966572
2.139573 3819.059 0.05199742
2.157602 5232.608 0.00205838
2.179346 4934.885 0.08771952
2.186179 6616.29 0.04933155
2.188032 5290.674 0.02175961
2.191355 2419.857 0.09749911
2.191811 1.549156 0.09089225
2.202545 4423.859 0.04132037
2.225089 1769.638 0.0553264
2.235169 3492.906 0.04635908
2.271992 3368.628 0.02680448
2.273859 5156.405 0.00205838
2.275404 3224.72 0.02617022
2.281337 2745.132 0.1385327
2.282233 5306.78 0.05926238
2.299032 3853.374 0.1118702
2.303436 6380.888 0.08707121
2.312412 6691.601 0.05230249
2.318247 4129.96 0.08547786
2.320195 4911.069 0.05522054
2.355736 5759.021 0.1046106
2.355833 5165.292 0.02174592
2.369437 2254.856 0.08787828
2.375997 6546.263 0.0547186
2.419816 5699.429 0.1656395
2.427287 6421.101 0.07867932
2.474506 1042.152 0.08184163
2.5353 2420.627 0.1532669
2.536303 5634.7 0.154368
2.583638 6151.553 0.08527775
2.584572 2445.26 0.14048
2.595928 2009.99 0.04311945
2.607118 2414.134 0.06861915
2.640713 2203.561 0.04779419
2.644199 6297.835 0.07374132
2.646885 2254.614 0.1141045
2.648645 6283.675 0.07343068
2.688315 1570.299 0.1783408
2.690662 2226.218 0.09868039
2.704887 5602.033 0.062727
2.715555 2491.294 0.1376592
2.732674 3496.438 0.0300219
2.75092 1680.828 0.12329
2.756068 2225.494 0.1064908
2.762851 3251.918 0.2501999
2.781673 4386.402 0.1761787
2.786321 3793.934 0.1207618
2.803566 2226.102 0.1148449
2.821523 1732.28 0.09899149
2.827916 2208.161 0.1090991
2.842718 6255.113 0.1033045
2.846186 5140.839 0.07075816
2.883572 2219.847 0.1231862
2.919094 3363.694 0.1289832
2.948861 3292.57 0.06263017
2.996109 6057.918 0.1519124
3.014076 818.4512 0.0260776
3.053977 4968.015 0.2085949
3.057332 4207.586 0.1720315
3.063013 4259.691 0.1854153
3.153743 6092.482 0.1328898
3.18264 4686.59 0.2094045
3.186503 2713.615 0.3185535
3.1952 4087.68 0.05159453
3.197659 2082.471 0.1958808
3.245545 2609.969 0.2327198
3.294565 4343.167 0.00205838
3.299235 4935.159 0.1707207
3.311256 3338.735 0.06520264
3.315449 3455.569 0.3536158
3.32475 1989.926 0.1656284
3.357014 3909.823 0.06811116
3.401131 7690.221 0.08123028
3.442817 1.549156 0.07645991
3.469091 2123.033 0.2614037
3.4851 3290.376 0.08973569
3.488454 1950.78 0.2032816
3.50506 3202.11 0.220892
3.534846 1459.852 0.2289093
3.615099 1704.288 0.09981338
3.625898 2091.823 0.3539204
3.667236 2310.031 0.1141381
3.715293 968.0377 0.2355857
3.734213 3702.753 0.2677256
3.744869 2202.832 0.3460376
3.757128 2316.971 0.3724362
3.804686 3067.35 0.3754996
3.826 1887.129 0.2577285
3.826352 3798.433 0.2852563
3.8414 4503.61 0.2197946
3.843818 4130.374 0.148652
3.845883 1436.672 0.33823
3.854571 3718.588 0.3046488
3.855811 4883.237 0.1725135
3.857649 5227.025 0.1800139
3.882367 4418.714 0.3897693
3.891675 4232.658 0.277462
3.912306 1.549156 0.3794172
3.920416 2877.336 0.2468381
3.925224 5555.52 0.376466
3.946561 3049.444 0.1940028
3.959017 4951.752 0.1692019
3.959531 3228.133 0.1441146
3.965756 3866.317 0.392195
4.012063 5250.408 0.1843506
4.015416 2927.159 0.09186435
4.06553 3393.039 0.2760366
4.160034 1513.594 0.2164229
4.199282 4022.177 0.2752488
4.210062 3917.655 0.1460166
4.221283 2748.819 0.3843049
4.252244 1922.181 0.2710619
4.259166 2507.969 0.4934685
4.275219 246.8523 0.4131563
4.286668 2208.366 0.2000798
4.306899 2516.505 0.3212488
4.317073 2107.087 0.1878621
4.327646 2371.181 0.4086453
4.338829 1598.712 0.1440705
4.345406 1812.085 0.1774309
4.366185 2281.694 0.4258919
4.384729 636.2549 0.3426903
4.407212 1756.082 0.1574528
4.451881 5116.939 0.2870938
4.455739 3087.975 0.3485555
4.478641 2540.961 0.331804
4.49014 3806.913 0.203296
4.514807 315.2649 0.1041673
4.518381 4306.329 0.2869557
4.525724 4552.236 0.2768119
4.537429 3589.769 0.2719909
4.542418 2182.738 0.1372214
4.586005 417.7663 0.3253713
4.604195 4368.193 0.2934724
4.610063 3041.264 0.3978181
4.663867 2181.047 0.1856118
4.676241 4178.275 0.2081898
4.687655 3824.636 0.3256667
4.703801 3029.96 0.4973694
4.745898 2099.409 0.2273148
4.762593 3351.721 0.2216065
4.864824 2235.977 0.224982
4.882702 3331.105 0.237852
4.886321 3827.959 0.4319707
4.918941 2499.323 0.3611139
4.921936 1361.613 0.5010751
4.939464 4304.305 0.351335
4.95419 3934.369 0.3462841
4.979214 1837.811 0.4613897
4.990497 1862.616 0.3002516
4.991445 1121.405 0.4113337
5.000915 877.4831 0.2594954
5.024368 3833.644 0.3363236
5.02563 1407.257 0.227164
5.040948 893.9095 0.4626552
5.060175 2199.043 0.4125309
5.063271 3583.959 0.2233133
5.064033 688.707 0.2323131
5.114753 533.7576 0.4099843
5.119119 1036.687 0.2780954
5.196793 3540.294 0.2823455
5.249732 348.0272 0.3688255
5.249732 388.0637 0.2903892
5.249732 390.2046 0.3335816
5.249732 469.3526 0.252056
5.249732 472.3576 0.3476995
5.249732 577.5333 0.2707672
5.270812 548.2645 0.2656631
5.28432 2885.548 0.252262
5.287104 1.549156 0.5094257
5.296946 296.9297 0.3685246
5.301327 296.9297 0.3708859
5.340353 296.9297 0.3720296
5.342714 296.9297 0.3630753
5.36204 296.9297 0.3650942
5.368961 3049.205 0.3035229
5.370198 4000.06 0.3749305
5.380724 1.549156 0.2570833
5.398337 4302.742 0.02880555
5.399083 296.9297 0.3790904
5.413039 45.6294 0.4044191
5.427188 1407.69 0.3691588
5.507358 1727.578 0.2063934
5.53322 416.9906 0.332542
5.571634 395.8488 0.3807141
5.577053 1920.81 0.2467042
5.58074 646.3221 0.2792758
5.587275 3526.533 0.5231769
5.591824 2608.848 0.507655
5.681215 593.6742 0.3792832
5.717841 493.5989 0.3282644
5.730173 1648.132 0.3453532
5.730667 2312.561 0.3282711
5.80427 1027.216 0.4329165
5.904602 833.073 0.3373711
5.918458 451.508 0.3668985
5.920011 375.6396 0.3395959
5.92774 684.6948 0.4986954
5.931528 336.2397 0.3735611
5.931853 499.6845 0.3655115
5.933376 707.0361 0.3308133
6.023192 1086.504 0.3503204
6.039383 4289.742 0.1519492
6.050054 1102.111 0.399357
6.053513 651.8011 0.3416606
6.064068 455.597 0.3834614
6.121389 779.4315 0.3739248
6.123757 493.6246 0.3693423
6.125422 673.6324 0.3424653
6.141829 206.0175 0.4165294
6.171864 1207.095 0.6268981
6.18397 871.8541 0.2905871
6.184186 409.0505 0.4544871
6.295303 370.6995 0.4495978
6.368397 2037.152 0.1868797
6.439268 568.1611 0.5672577
6.444248 400.0273 0.4400225
6.503012 2764.846 0.300344
6.525795 362.9714 0.5121657
6.76649 1.549156 0.6796324
6.815302 1.549156 0.6930358
7.119838 54.63479 0.7540484
7.160501 853.1807 0.2799183
7.304719 43.05686 0.3730003
7.530346 1.549156 0.4050456
7.730261 1.549156 0.3339236
# initCovFnParam= 1.31065810382335 3993.32307536689 1.30210068979377 4
