## Fri May 28 13:17:25 2021; Sample: 1; # of loci: 1; NrunsPerPoint=30;
## pointmin=1  pointmax=100 out of PointNumber=100
1.559906 2124.653 0.0005324535 497.55173 497.55173 
1.791702 7664.071 0.4746492 496.56604 496.56604 
1.791702 7751.943 0.4390896 496.45169 496.45169 
1.791702 7939.212 0.4641377 496.55865 496.55865 
1.791702 8004.243 0.4398734 496.44379 496.44379 
1.791702 8009.971 0.4310637 496.479 496.479 
1.791702 8030.433 0.4278492 496.45749 496.45749 
1.940233 5420.2 0.2904343 494.99908 494.99908 
2.019433 5345.214 0.05515752 494.18927 494.18927 
2.027255 1614.944 0.1955748 494.1286 494.1286 
2.027255 1614.944 0.1955748 494.12207 494.12207 
2.159917 6585.219 0.3871378 494.78467 494.78467 
2.18085 9370.545 0.6783848 495.68024 495.68024 
2.277267 8242.441 0.704926 495.51031 495.51031 
2.287857 7475.049 0.06157702 493.62607 493.62607 
2.33326 4657.909 0.5436481 494.70871 494.70871 
2.345727 9078.801 0.7992943 495.57736 495.57736 
2.346448 8689.696 0.813319 495.58646 495.58646 
2.358175 8689.696 0.8002331 495.56003 495.56003 
2.418993 8689.696 0.8002764 495.52307 495.52307 
2.470488 9800.447 0.7077938 495.40463 495.40463 
2.470488 9800.447 0.7077938 495.3924 495.3924 
2.471944 4628.753 0.0005324535 492.82684 492.82684 
2.477711 9057.966 0.6971502 495.35959 495.35959 
2.481888 8689.696 0.8114903 495.49112 495.49112 
2.496736 8689.696 0.8209622 495.48981 495.48981 
2.500897 9280.481 0.7372499 495.41217 495.41217 
2.552322 8689.696 0.8097575 495.47632 495.47632 
2.5784 2054.868 0.03855971 492.94284 492.94284 
2.60126 7604.664 0.8207507 495.46387 495.46387 
2.612236 7700.816 0.7517586 495.36621 495.36621 
2.644189 3572.758 0.008048799 492.73441 492.73441 
2.644189 3572.758 0.008048799 492.69128 492.69128 
2.704265 8498.686 0.7499786 495.42508 495.42508 
2.834362 3857.26 0.3517597 493.48523 493.48523 
2.848995 8594.956 0.7612008 495.52368 495.52368 
2.883379 3948.986 0.03165918 492.64542 492.64542 
2.884584 3142.811 0.5034731 493.93103 493.93103 
2.891445 8513.373 0.3753344 494.50006 494.50006 
2.915183 9634.125 0.4329878 494.89078 494.89078 
3.033262 4869.915 0.02786786 492.7056 492.7056 
3.054245 2858.114 0.6395328 494.68851 494.68851 
3.089579 5015.92 0.2141018 493.38727 493.38727 
3.089579 5015.92 0.2141018 493.3967 493.3967 
3.192045 2136.208 0.4605341 493.43524 493.43524 
3.376406 8559.61 0.2006623 494.35989 494.35989 
3.402805 4410.044 0.09117234 493.11868 493.11868 
3.404003 2054.501 0.08188556 492.72803 492.72803 
3.461083 2215.341 0.5015937 493.99554 493.99554 
3.587566 383.1609 0.2223654 493.84644 493.84644 
3.593907 5843.966 0.03611752 493.52692 493.52692 
3.679586 3130.558 0.4955897 494.8439 494.8439 
3.701785 2136.301 0.4496141 493.96133 493.96133 
3.763409 216.5671 0.2899769 494.64374 494.64374 
3.763409 216.5671 0.2899769 494.54572 494.54572 
3.779201 216.5671 0.2906209 494.61206 494.61206 
3.787737 216.5671 0.2895954 494.66605 494.66605 
3.798697 216.5671 0.2885582 494.61609 494.61609 
3.798842 3072.921 0.06805515 493.2905 493.2905 
3.805037 216.5671 0.2897675 494.40027 494.40027 
3.813847 1094.504 0.209835 493.05692 493.05692 
3.816849 3688.527 0.276395 494.11072 494.11072 
3.838052 216.5671 0.2876742 494.41013 494.41013 
3.868679 631.743 0.2295095 493.30219 493.30219 
3.950888 6020.945 0.2049233 494.73993 494.73993 
3.950888 6020.945 0.2049233 494.76843 494.76843 
3.983952 530.2174 0.2644964 493.57748 493.57748 
4.029965 1731.895 0.3315226 493.7352 493.7352 
4.085067 2279.375 0.3997116 494.47516 494.47516 
4.085477 302.3116 0.2515026 494.15427 494.15427 
4.104388 2232.802 0.1271192 493.68054 493.68054 
4.200219 6113.534 0.1315506 494.79706 494.79706 
4.208368 3.922552 0.3214152 544.19128 544.19128 
4.230847 9178.903 0.0005324535 494.91 494.91 
4.369227 2060.624 0.219393 494.15189 494.15189 
4.417469 1388.366 0.5705038 495.23083 495.23083 
4.417469 1388.366 0.5705038 495.11609 495.11609 
4.427091 3784.37 0.3057279 495.23898 495.23898 
4.428176 3.922552 0.3612654 542.14563 542.14563 
4.505612 613.5402 0.1575743 493.9516 493.9516 
4.529901 1909.066 0.1017836 494.1554 494.1554 
4.622569 1232.164 0.4111874 494.55405 494.55405 
4.636391 689.0497 0.1464721 494.09445 494.09445 
4.674865 2094.834 0.1267294 494.33231 494.33231 
4.714462 5027.02 0.07699007 495.30884 495.30884 
4.739513 3.922552 0.3878722 539.59729 539.59729 
4.748507 3.922552 0.325442 540.12744 540.12744 
4.748507 3.922552 0.325442 540.19287 540.19287 
4.752075 4010.451 0.1198059 495.23312 495.23312 
4.760861 3961.54 0.05363364 495.0647 495.0647 
4.824019 2043.985 0.02206021 494.63309 494.63309 
4.826717 3.922552 0.2942483 539.9126 539.9126 
4.900212 3.922552 0.346409 538.61853 538.61853 
4.999842 695.8774 0.1261089 494.42377 494.42377 
5.306952 462.8128 0.548911 494.80148 494.80148 
5.43141 3038.097 0.007076908 495.79169 495.79169 
5.43141 3078.071 0.02476235 495.81189 495.81189 
5.43141 3203.802 0.03085938 496.00696 496.00696 
5.43141 3203.802 0.03085938 495.98315 495.98315 
5.43141 3238.693 0.02838237 496.04807 496.04807 
5.43141 3363.691 0.03956389 496.05557 496.05557 
5.43141 3519.126 0.04865273 495.98999 495.98999 
5.47273 5514.137 0.0005324535 496.48062 496.48062 
5.701915 4144.872 0.2826118 497.86658 497.86658 
5.950132 951.1649 0.2924901 496.12338 496.12338 
6.095152 2308.513 0.6280359 500.06473 500.06473 
6.126279 3898.578 0.0005324535 497.51562 497.51562 
6.891471 3229.524 0.0005324535 498.47614 498.47614 
8.07819 999.3396 0.05299852 498.57581 498.57581 
8.07819 999.3396 0.05299852 498.69467 498.69467 
