## Fri May 28 13:19:33 2021; Sample: 1; # of loci: 1; NrunsPerPoint=30;
## pointmin=1  pointmax=100 out of PointNumber=100
2.809625 3474.399 0.03293408 492.53308 492.53308 
2.978302 3325.775 0.05608727 492.58072 492.58072 
3.094492 3325.775 0.07143687 492.48611 492.48611 
3.096243 3325.775 0.07080404 492.76599 492.76599 
3.122506 3170.869 0.08365153 492.70462 492.70462 
3.123499 3538.178 0.07384556 492.67673 492.67673 
3.183193 4295.239 0.0637279 492.72302 492.72302 
3.19084 3325.775 0.08331314 492.836 492.836 
3.204291 3462.111 0.08378552 492.73077 492.73077 
3.207471 2963.816 0.09878441 492.69104 492.69104 
3.207471 2963.816 0.09878441 492.64722 492.64722 
3.265386 2376.28 0.1150794 492.6506 492.6506 
3.269116 3325.775 0.09250934 492.78424 492.78424 
3.281086 3325.775 0.09351682 492.75162 492.75162 
3.302237 3535.747 0.09966 492.9361 492.9361 
3.354803 3292.532 0.1156285 492.93839 492.93839 
3.386659 2242.912 0.1327805 492.80728 492.80728 
3.403577 2242.912 0.133992 492.76859 492.76859 
3.419086 2242.912 0.135091 492.8324 492.8324 
3.422868 3731.656 0.1132471 493.11252 493.11252 
3.428613 2242.912 0.1372514 492.69757 492.69757 
3.428613 2242.912 0.1372514 492.93951 492.93951 
3.45004 4065.952 0.1088478 493.22134 493.22134 
3.474744 2242.912 0.1429896 492.85287 492.85287 
3.548251 3043.196 0.1455333 493.02216 493.02216 
3.556115 2242.912 0.1531647 492.88849 492.88849 
3.568724 2002.413 0.1614524 492.85385 492.85385 
3.571924 1464.353 0.1737361 492.89191 492.89191 
3.581332 2021.632 0.1637602 492.99268 492.99268 
3.583148 2853.645 0.1453376 493.08154 493.08154 
3.62289 2196.984 0.1649326 492.89523 492.89523 
3.637313 2173.197 0.1701824 492.96521 492.96521 
3.637313 2173.197 0.1701824 492.91122 492.91122 
3.691594 1387.48 0.1912656 492.9696 492.9696 
3.701406 2110.181 0.1798996 493.01639 493.01639 
3.716359 2365.385 0.1798161 493.36642 493.36642 
3.770084 2257.578 0.1892683 493.18982 493.18982 
3.771688 1171.959 0.206731 493.09329 493.09329 
3.772208 3067.599 0.1713568 493.52548 493.52548 
3.779394 1690.526 0.1977641 493.05942 493.05942 
3.78389 1642.438 0.1996872 493.22299 493.22299 
3.811197 2546.441 0.1876204 493.32983 493.32983 
3.812106 1483.854 0.2079149 493.32907 493.32907 
3.812106 1483.854 0.2079149 493.11487 493.11487 
3.821913 3962.616 0.1629563 493.81085 493.81085 
3.864291 1153.049 0.2178509 493.15982 493.15982 
3.958159 3941.334 0.1857417 494.13275 494.13275 
3.976626 1892.283 0.2266972 493.47717 493.47717 
3.986098 3305.808 0.2001669 493.96176 493.96176 
4.000797 2746.32 0.2120914 493.73679 493.73679 
4.006295 2086.864 0.2287005 493.65921 493.65921 
4.011948 1370.145 0.2380677 493.39978 493.39978 
4.033327 3118.615 0.2137921 493.93958 493.93958 
4.038096 2212.329 0.231496 493.66199 493.66199 
4.038096 2212.329 0.231496 493.65005 493.65005 
4.094568 2281.195 0.2329097 493.746 493.746 
4.100226 2520.893 0.2346781 494.00217 494.00217 
4.282939 2335.134 0.2604256 494.29333 494.29333 
4.393355 1796.113 0.286915 494.16876 494.16876 
4.413519 3138.083 0.2722078 495.0318 495.0318 
4.562053 3296.462 0.2881982 495.32358 495.32358 
4.670653 1755.14 0.3293218 494.92538 494.92538 
5.227533 2944.425 0.3941098 496.98352 496.98352 
5.294384 2775.434 0.4068409 497.11023 497.11023 
5.298099 2876.647 0.4065665 497.40009 497.40009 
5.298099 2876.647 0.4065665 497.26752 497.26752 
5.318005 2793.96 0.4104036 497.26721 497.26721 
5.353345 2784.512 0.4154561 497.28021 497.28021 
5.353725 2971.148 0.4120357 497.32693 497.32693 
5.369 2685.541 0.4198939 497.17017 497.17017 
5.406377 2780.076 0.4229936 497.52887 497.52887 
5.411927 2781.957 0.4239384 497.45544 497.45544 
5.422138 2821.502 0.4255394 497.5108 497.5108 
5.425674 2706.954 0.4270539 497.49509 497.49509 
5.473126 2739.757 0.4341976 497.55057 497.55057 
5.48789 2709.24 0.4365479 497.66626 497.66626 
5.48789 2709.24 0.4365479 497.58234 497.58234 
5.494024 2260.157 0.4770917 497.5899 497.5899 
5.494024 2333.482 0.4871085 497.69437 497.69437 
5.494024 2466.694 0.4589919 497.61206 497.61206 
5.494024 2484.203 0.4976523 497.99899 497.99899 
5.494024 2863.62 0.4751966 497.94461 497.94461 
5.494024 2869.357 0.4612247 497.92697 497.92697 
5.502295 2719.237 0.4389059 497.68927 497.68927 
5.531233 2702.012 0.4429965 497.78714 497.78714 
5.780789 2792.539 0.4790459 498.47385 498.47385 
5.871866 2710.991 0.4942474 498.74445 498.74445 
5.871866 2710.991 0.4942474 498.81979 498.81979 
5.990112 2202.308 0.4739109 498.53024 498.53024 
5.990112 2274.836 0.4568777 498.48737 498.48737 
5.990112 2275.354 0.4837732 498.56198 498.56198 
5.990112 2320.479 0.46138 498.42099 498.42099 
5.990112 2377.717 0.4621785 498.46979 498.46979 
5.990112 2533.603 0.4715952 498.78995 498.78995 
5.995396 2907.161 0.5090664 499.30627 499.30627 
6.04535 2656.305 0.5205411 499.32849 499.32849 
6.139248 2613.15 0.5351003 499.54797 499.54797 
6.185982 2526.321 0.544394 499.64145 499.64145 
6.185982 2526.321 0.544394 499.79382 499.79382 
6.211328 3221.01 0.5366073 500.16315 500.16315 
6.289373 2439.177 0.5617749 500.03128 500.03128 
6.302475 2594.626 0.5589131 500.14038 500.14038 
6.338136 2724.37 0.5646858 500.40393 500.40393 
6.352252 2871.936 0.5620705 500.52029 500.52029 
6.385565 2821.66 0.567522 500.52213 500.52213 
6.432148 2530.264 0.5818668 500.40991 500.40991 
6.528663 2616.723 0.5930887 500.91425 500.91425 
6.531214 2888.865 0.5911129 500.97906 500.97906 
6.58823 3111.3 0.5928602 501.42297 501.42297 
6.58823 3111.3 0.5928602 501.34778 501.34778 
## Fri May 28 13:21:28 2021; Sample: 1; # of loci: 1; NrunsPerPoint=50;
## pointmin=1  pointmax=250 out of PointNumber=250
0.0561925 4586.199 0.01646704 692.8598 692.8598 
0.2451054 4537.749 0.01646704 573.57233 573.57233 
0.5436171 4590.486 0.01646704 528.50232 528.50232 
0.6353596 4297.586 0.01646704 521.76685 521.76685 
0.7577767 4301.96 0.01646704 514.96436 514.96436 
1.066529 4557.761 0.01646704 504.59845 504.59845 
1.083863 4074.091 0.01646704 504.16339 504.16339 
1.145984 3957.563 0.01646704 502.83337 502.83337 
1.187204 4037.909 0.01646704 501.94949 501.94949 
1.252431 4254.685 0.01646704 500.92499 500.92499 
1.374346 4688.356 0.01646704 499.09995 499.09995 
1.396895 4246.231 0.01646704 498.70187 498.70187 
1.410739 4087.922 0.01646704 498.62589 498.62589 
1.445856 4091.857 0.01646704 498.07709 498.07709 
1.464121 4651.427 0.01646704 497.97852 497.97852 
1.467045 3721.091 0.01646704 497.94885 497.94885 
1.480469 3946.33 0.01646704 497.70038 497.70038 
1.555305 4876.68 0.01646704 496.96567 496.96567 
1.653983 3889.235 0.01646704 496.05194 496.05194 
1.66123 3822.538 0.01646704 496.05624 496.05624 
1.670379 3631.216 0.01646704 496.07678 496.07678 
1.67581 3972.69 0.01646704 495.95828 495.95828 
1.691594 4435.408 0.01646704 495.8851 495.8851 
1.717056 4294.241 0.01646704 495.63947 495.63947 
1.746651 4522.064 0.01646704 495.50598 495.50598 
1.746651 4522.064 0.01646704 495.4617 495.4617 
1.751365 3747.514 0.01646704 495.42853 495.42853 
1.753859 3751.129 0.01646704 495.43762 495.43762 
1.784633 3502.264 0.01646704 495.36655 495.36655 
1.883043 4111.928 0.01646704 494.5239 494.5239 
1.912806 3710.824 0.01646704 494.6077 494.6077 
1.931952 3589.753 0.01646704 494.4968 494.4968 
1.935531 4184.762 0.01646704 494.46661 494.46661 
1.941803 3703.427 0.01646704 494.35803 494.35803 
1.985605 3672.783 0.01646704 494.17548 494.17548 
2.125121 3624.865 0.01646704 493.71262 493.71262 
2.132244 3422.545 0.01646704 493.70032 493.70032 
2.241722 3559.65 0.01646704 493.38147 493.38147 
2.473407 3591.577 0.01646704 492.96567 492.96567 
2.530636 3494.844 0.01646704 492.75238 492.75238 
2.531471 3602.976 0.01646704 492.75177 492.75177 
2.553567 3778.815 0.01646704 492.67139 492.67139 
2.557055 3906.13 0.01646704 492.90402 492.90402 
2.60635 3671.898 0.01646704 492.76767 492.76767 
2.689088 3424.086 0.01646704 492.67117 492.67117 
2.811562 3474.071 0.03322594 492.58844 492.58844 
2.867533 3508.526 0.04005042 492.68784 492.68784 
2.878165 3458.808 0.04418723 492.65997 492.65997 
2.945787 3350.504 0.05637487 492.65146 492.65146 
2.977286 3459.809 0.05787401 492.55917 492.55917 
2.982701 3161.277 0.06295089 492.50342 492.50342 
2.982701 3161.277 0.06295089 492.51358 492.51358 
3.01267 3180.271 0.06693938 492.72977 492.72977 
3.023717 3144.286 0.06965065 492.59534 492.59534 
3.026327 3793.106 0.05633078 492.63095 492.63095 
3.033908 3281.764 0.06646008 492.68231 492.68231 
3.036216 3023.84 0.07117263 492.61792 492.61792 
3.04666 3289.831 0.07071788 492.5842 492.5842 
3.068674 3620.198 0.06589515 492.61768 492.61768 
3.086792 3252.744 0.08079636 492.60828 492.60828 
3.098753 2931.491 0.08167303 492.66748 492.66748 
3.103763 3536.31 0.07424392 492.66571 492.66571 
3.106627 3766.18 0.06912595 492.67017 492.67017 
3.11027 3155.443 0.0787365 492.71472 492.71472 
3.119694 3163.604 0.08643787 492.61172 492.61172 
3.138261 3447.594 0.07502788 492.83963 492.83963 
3.140716 2876.699 0.09138714 492.66342 492.66342 
3.158632 3180.599 0.08345722 492.66714 492.66714 
3.159034 2979.15 0.08713248 492.68777 492.68777 
3.166353 2921.605 0.09606913 492.73376 492.73376 
3.184839 3389.388 0.09466739 492.69937 492.69937 
3.194358 2745.974 0.09687377 492.62222 492.62222 
3.198092 2818.797 0.09522712 492.62177 492.62177 
3.22819 2497.145 0.1075965 492.73691 492.73691 
3.260035 2791.411 0.1033354 492.83716 492.83716 
3.317299 2486.206 0.1209848 492.79358 492.79358 
3.32681 3406.483 0.1028994 492.8342 492.8342 
3.32681 3406.483 0.1028994 492.86029 492.86029 
3.420949 2789.391 0.1355993 492.84152 492.84152 
3.426066 3550.554 0.1224206 493.18362 493.18362 
3.478958 2742.515 0.1371256 492.84079 492.84079 
3.508853 3339.91 0.1312253 493.11578 493.11578 
3.552933 3249.958 0.1433763 493.12897 493.12897 
3.556363 2984.365 0.1562371 493.14182 493.14182 
3.570688 2697.433 0.1511919 493.01736 493.01736 
3.593342 3981.933 0.139153 493.26602 493.26602 
3.694002 3841.463 0.160263 493.55154 493.55154 
3.720336 3498.975 0.14835 493.48413 493.48413 
3.722617 3528.483 0.1487194 493.48425 493.48425 
3.734087 3319.558 0.1776836 493.53949 493.53949 
3.735697 3630.468 0.1463447 493.49619 493.49619 
3.76599 2135.604 0.1829992 493.28268 493.28268 
3.768215 2006.103 0.1875034 493.17389 493.17389 
3.772691 2653.493 0.1807731 493.36224 493.36224 
3.775682 3178.145 0.1902347 493.5874 493.5874 
3.780009 3342.554 0.1793286 493.5451 493.5451 
3.78206 2020.937 0.2001704 493.22092 493.22092 
3.792807 2879.723 0.1912 493.58209 493.58209 
3.80819 2826.613 0.2032643 493.43839 493.43839 
3.810784 3306.249 0.1888322 493.65973 493.65973 
3.821292 3669.585 0.1769073 493.74924 493.74924 
3.823132 1784.194 0.2048784 493.17703 493.17703 
3.859814 1196.062 0.2186134 493.02563 493.02563 
3.859814 1196.062 0.2186134 493.14297 493.14297 
3.869303 3078.761 0.2037837 493.69934 493.69934 
3.896195 3102.545 0.18569 493.67615 493.67615 
3.897751 2870.291 0.1992002 493.56873 493.56873 
3.914083 3542.18 0.1711834 493.81903 493.81903 
3.942479 1836.166 0.2286723 493.41977 493.41977 
3.944719 1977.319 0.2338014 493.616 493.616 
3.948638 3005.015 0.2186928 493.89154 493.89154 
3.95478 2336.364 0.2124321 493.59509 493.59509 
3.95504 2811.92 0.2069485 493.70755 493.70755 
3.987711 3487.861 0.1923475 494.05212 494.05212 
4.003404 3674.929 0.2116404 494.20746 494.20746 
4.019546 2770.549 0.2175721 493.76086 493.76086 
4.020573 1260.406 0.2422452 493.30954 493.30954 
4.051474 3288.856 0.2302029 494.17538 494.17538 
4.073926 2158.444 0.2306798 493.75854 493.75854 
4.09799 2585.307 0.2464839 493.99387 493.99387 
4.098802 2077.281 0.2357108 493.76419 493.76419 
4.104227 2424.895 0.2260075 493.94565 493.94565 
4.110458 2150.839 0.2607235 493.86761 493.86761 
4.145073 1924.208 0.2644245 493.81082 493.81082 
4.167629 2260.738 0.2333042 493.99191 493.99191 
4.173873 2828.627 0.2275057 494.19638 494.19638 
4.200454 2404.728 0.2752389 494.26645 494.26645 
4.221321 2187.975 0.2710494 494.1723 494.1723 
4.230197 3159.648 0.2656927 494.55524 494.55524 
4.230197 3159.648 0.2656927 494.52243 494.52243 
4.230484 1537.968 0.2698881 493.6973 493.6973 
4.246422 2895.952 0.2744838 494.50479 494.50479 
4.270839 3484.479 0.2300676 494.57297 494.57297 
4.271549 1745.349 0.2581226 493.93018 493.93018 
4.27397 3179.946 0.2683179 494.72864 494.72864 
4.303589 2873.892 0.2517889 494.50699 494.50699 
4.31908 2797.527 0.2670908 494.50848 494.50848 
4.325971 1512.234 0.2747469 493.73868 493.73868 
4.329306 2991.935 0.2492072 494.68063 494.68063 
4.333414 2131.649 0.285953 494.36862 494.36862 
4.380223 2893.883 0.2872371 494.754 494.754 
4.423357 2674.035 0.2548026 494.56522 494.56522 
4.427727 1564.237 0.2967292 494.23721 494.23721 
4.43331 2309.276 0.272642 494.60928 494.60928 
4.43408 3330.308 0.2597379 494.96201 494.96201 
4.440082 3544.913 0.2697823 495.17816 495.17816 
4.441359 2345.989 0.2677305 494.58072 494.58072 
4.466549 3499.286 0.2919875 495.29953 495.29953 
4.495844 2269.874 0.2954406 494.66968 494.66968 
4.507662 2279.415 0.278854 494.65952 494.65952 
4.507706 3110.461 0.2978014 495.16913 495.16913 
4.512942 3393.31 0.2718485 495.25751 495.25751 
4.520159 1954.282 0.2866871 494.54324 494.54324 
4.530258 3170.903 0.2720466 495.08337 495.08337 
4.532424 2997.636 0.2697735 495.01483 495.01483 
4.532424 2997.636 0.2697735 495.06711 495.06711 
4.543388 3346.94 0.2893565 495.24231 495.24231 
4.551002 2204.44 0.3259951 494.93317 494.93317 
4.564396 1515.004 0.2988875 494.36029 494.36029 
4.564396 1554.595 0.2965341 494.37943 494.37943 
4.564396 1567.907 0.3040607 494.39859 494.39859 
4.564396 1581.433 0.29885 494.36078 494.36078 
4.564396 1616.988 0.2976227 494.47696 494.47696 
4.564396 1654.243 0.2956473 494.4913 494.4913 
4.565896 2572.831 0.2924448 494.95688 494.95688 
4.567223 2350.977 0.2829491 494.91666 494.91666 
4.570758 3168.059 0.3041258 495.32712 495.32712 
4.572316 2276.396 0.3099729 494.77216 494.77216 
4.579182 2128.894 0.3375474 494.88818 494.88818 
4.586884 2297.583 0.3166938 494.98587 494.98587 
4.588035 3040.4 0.3139683 495.28342 495.28342 
4.588433 2590.385 0.3340187 495.20688 495.20688 
4.605003 2108.95 0.3111977 494.86618 494.86618 
4.625636 1974.633 0.2944783 494.72321 494.72321 
4.633838 2751.474 0.3188667 495.32083 495.32083 
4.654265 2449.476 0.3403711 495.33215 495.33215 
4.656961 2640.111 0.3522211 495.43253 495.43253 
4.665462 2022.359 0.2980526 494.78156 494.78156 
4.677846 2566.613 0.3312899 495.36743 495.36743 
4.697067 1741.838 0.3431447 494.85541 494.85541 
4.706945 2512.199 0.3340399 495.29071 495.29071 
4.706945 2512.199 0.3340399 495.46591 495.46591 
4.719497 3264.23 0.3406742 495.83673 495.83673 
4.719966 2927.492 0.2978694 495.4476 495.4476 
4.748506 2912.756 0.3269029 495.62579 495.62579 
4.748772 2727.07 0.3004144 495.39697 495.39697 
4.751223 1737.967 0.317488 494.81949 494.81949 
4.787225 3171.943 0.3497428 495.92645 495.92645 
4.793794 3209.787 0.3432567 495.92764 495.92764 
4.796791 2067.729 0.3313802 495.22729 495.22729 
4.798438 1923.499 0.3728081 495.40753 495.40753 
4.802989 1995.733 0.3508141 495.33978 495.33978 
4.812005 2567.26 0.3198636 495.53683 495.53683 
4.822047 3032.09 0.3326767 495.90366 495.90366 
4.858693 2646.242 0.3457344 495.72372 495.72372 
4.860394 2884.474 0.3397591 495.90829 495.90829 
4.876392 2660.043 0.3554041 495.93335 495.93335 
4.883256 2237.491 0.3482285 495.61884 495.61884 
4.89063 3177.94 0.363758 496.20908 496.20908 
4.937086 2283.823 0.3524747 495.64813 495.64813 
4.954621 2014.345 0.3589461 495.6416 495.6416 
4.957237 3027.058 0.3276776 496.04739 496.04739 
4.96878 2362.536 0.3690652 496.0181 496.0181 
4.973861 2177.866 0.3453499 495.70969 495.70969 
4.983844 2808.797 0.3850426 496.44928 496.44928 
4.9885 1812.117 0.3540613 495.52991 495.52991 
4.988571 2306.762 0.3424069 495.82965 495.82965 
4.988571 2306.762 0.3424069 495.91336 495.91336 
5.027119 2712.609 0.4022385 496.61832 496.61832 
5.047162 2786.322 0.4094078 496.59384 496.59384 
5.059177 2479.616 0.4196383 496.49857 496.49857 
5.059661 2776.589 0.337422 496.2366 496.2366 
5.069092 3197.353 0.3803511 496.78616 496.78616 
5.087429 2682.741 0.3443976 496.25244 496.25244 
5.088808 2423.446 0.4056484 496.37146 496.37146 
5.100398 2773.927 0.3621661 496.44061 496.44061 
5.110498 2996.598 0.3953208 496.77029 496.77029 
5.120131 2169.943 0.3754104 496.08057 496.08057 
5.125458 2178.504 0.3873905 496.22314 496.22314 
5.147191 2707.475 0.3727585 496.52087 496.52087 
5.158098 2661.609 0.3634333 496.52661 496.52661 
5.195154 2051.725 0.4113699 496.51004 496.51004 
5.204463 1943.939 0.4007407 496.19284 496.19284 
5.211177 2158.256 0.4408987 496.65408 496.65408 
5.219173 2294.9 0.3793031 496.3186 496.3186 
5.241666 2510.32 0.4356353 496.98792 496.98792 
5.269772 2850.412 0.4053663 497.10141 497.10141 
5.270697 3030.221 0.3850324 497.06995 497.06995 
5.276831 2547.237 0.4234974 496.96741 496.96741 
5.286992 2912.652 0.4258048 497.28619 497.28619 
5.293195 2266.656 0.437709 496.94293 496.94293 
5.304471 2608.077 0.3767123 496.75128 496.75128 
5.312775 2300.372 0.4011932 496.78546 496.78546 
5.312775 2300.372 0.4011932 496.76495 496.76495 
5.316445 2289.116 0.4414929 496.98978 496.98978 
5.33529 2422.9 0.4538589 497.20618 497.20618 
5.351185 2619.44 0.439338 497.33023 497.33023 
5.363922 2934.708 0.38121 497.22668 497.22668 
5.365725 1993.156 0.4025329 496.70151 496.70151 
5.4076 2400.778 0.4592137 497.35928 497.35928 
5.408368 2254.424 0.3886153 496.8089 496.8089 
5.421653 2199.125 0.3896435 496.81033 496.81033 
5.437254 2871.075 0.4588155 497.76126 497.76126 
5.446042 2589.075 0.4330804 497.48843 497.48843 
5.457527 2578.127 0.4869196 497.80707 497.80707 
5.478433 2723.149 0.435774 497.55481 497.55481 
5.529269 2183.307 0.4029827 496.98474 496.98474 
5.543102 2292.682 0.4632708 497.64523 497.64523 
5.547473 2180.098 0.4317732 497.37079 497.37079 
5.578722 2481.21 0.4217549 497.60861 497.60861 
5.59738 2645.127 0.4806442 498.06177 498.06177 
5.598738 2745.022 0.4145657 497.6944 497.6944 
5.632377 2224.302 0.4233979 497.38089 497.38089 
5.704716 2240.131 0.4617542 497.83548 497.83548 
5.711029 2547.972 0.4444587 497.97006 497.97006 
5.725024 2476.2 0.4425434 497.9548 497.9548 
5.783545 2206.293 0.4351304 497.77689 497.77689 
5.802721 2547.879 0.4527314 498.30969 498.30969 
6.207288 759.7602 0.6079477 497.57602 497.57602 
6.207288 759.7602 0.6079477 497.6723 497.6723 
## Fri May 28 13:25:23 2021; Sample: 1; # of loci: 1; NrunsPerPoint=50;
## pointmin=1  pointmax=250 out of PointNumber=250
1.011835 6649.489 0.00823352 505.92761 505.92761 
1.283381 4623.712 0.00823352 500.48236 500.48236 
1.499529 4354.317 0.00823352 497.53113 497.53113 
1.551545 3264.653 0.00823352 497.14243 497.14243 
1.560799 4180.459 0.0370682 496.99362 496.99362 
1.59853 4026.755 0.00823352 496.50812 496.50812 
1.667368 4256.836 0.06376613 496.22574 496.22574 
1.731401 3993.632 0.06643186 495.61252 495.61252 
1.799556 4744.496 0.00823352 495.1499 495.1499 
1.808476 3572.503 0.00823352 495.01712 495.01712 
1.850133 3778.899 0.03495438 494.63181 494.63181 
1.85608 3412.838 0.00823352 494.97348 494.97348 
1.865564 3958.157 0.1072366 494.82092 494.82092 
1.865564 3989.288 0.1043702 494.71558 494.71558 
1.865564 4055.266 0.1040408 494.84619 494.84619 
1.865564 4065.465 0.1061619 494.76718 494.76718 
1.865564 4107.378 0.1021933 494.84525 494.84525 
1.865564 4113.442 0.1025141 494.78363 494.78363 
1.897692 4754.371 0.04459387 494.63864 494.63864 
1.898257 4754.371 0.0538811 494.64117 494.64117 
1.898778 4754.371 0.03551397 494.53967 494.53967 
1.900309 4754.371 0.05493199 494.59506 494.59506 
1.901058 4754.371 0.04956516 494.61807 494.61807 
1.901284 4754.371 0.04915887 494.67831 494.67831 
1.981763 4627.277 0.00823352 494.1813 494.1813 
1.981763 4627.277 0.00823352 494.20914 494.20914 
1.98417 3524.141 0.00823352 494.15268 494.15268 
2.010378 4079.709 0.00823352 494.02609 494.02609 
2.063308 2701.95 0.00823352 494.02155 494.02155 
2.07886 4258.338 0.05835901 493.84689 493.84689 
2.115419 3074.58 0.06937702 493.76575 493.76575 
2.158016 3875.861 0.02978888 493.46429 493.46429 
2.178125 4008.925 0.00823352 493.47583 493.47583 
2.190364 3774.685 0.07917722 493.53815 493.53815 
2.210726 3432.274 0.04008256 493.48474 493.48474 
2.244719 4198.222 0.1027307 493.40005 493.40005 
2.249696 2569.572 0.00823352 493.5921 493.5921 
2.256747 3268.089 0.07144306 493.24557 493.24557 
2.267318 4272.236 0.00823352 493.29013 493.29013 
2.284609 3025.887 0.06863889 493.25357 493.25357 
2.292386 3422.701 0.00823352 493.23898 493.23898 
2.297508 3915.252 0.04247361 493.19189 493.19189 
2.310159 3987.557 0.00823352 493.11963 493.11963 
2.375321 3761.84 0.0794699 493.10217 493.10217 
2.401566 3859.873 0.03266996 492.99664 492.99664 
2.402133 4158.839 0.1315162 493.22574 493.22574 
2.414325 4137.099 0.03793388 492.98157 492.98157 
2.43959 3790.97 0.09217346 492.92419 492.92419 
2.449243 3228.644 0.1075369 492.82916 492.82916 
2.456163 3439.407 0.07196065 492.7674 492.7674 
2.466966 3550.804 0.00823352 492.80185 492.80185 
2.466966 3550.804 0.00823352 492.77206 492.77206 
2.468532 4031.163 0.00823352 492.92044 492.92044 
2.493579 3689.643 0.0166281 492.85739 492.85739 
2.509354 3855.999 0.133559 492.892 492.892 
2.53976 3481.01 0.00823352 492.83911 492.83911 
2.570885 3415.199 0.00823352 492.77643 492.77643 
2.575304 2973.307 0.1314436 492.74365 492.74365 
2.61127 2631.615 0.1066192 492.65662 492.65662 
2.65139 3582.772 0.00823352 492.7095 492.7095 
2.672132 3665.624 0.00823352 492.75186 492.75186 
2.70353 4051.379 0.1123797 492.88916 492.88916 
2.711354 3540.308 0.01309495 492.62576 492.62576 
2.728518 3184.426 0.02888195 492.64005 492.64005 
2.730098 4069.266 0.163895 492.94022 492.94022 
2.74247 4271.764 0.08997667 492.7515 492.7515 
2.753056 3515.517 0.02407946 492.56097 492.56097 
2.759564 3173.149 0.1314052 492.58899 492.58899 
2.761007 3484.684 0.2069004 492.86032 492.86032 
2.76246 3065.65 0.05694193 492.50317 492.50317 
2.770079 3162.472 0.1385412 492.63351 492.63351 
2.825849 3774.814 0.1753237 492.93872 492.93872 
2.836449 2422.606 0.1400804 492.52298 492.52298 
2.845766 3250.995 0.05084194 492.63565 492.63565 
2.850271 3562.556 0.04491038 492.71448 492.71448 
2.856998 3454.86 0.0803116 492.62711 492.62711 
2.869281 4088.737 0.1612583 492.92935 492.92935 
2.869281 4088.737 0.1612583 492.98102 492.98102 
2.871365 3311.193 0.1196989 492.76361 492.76361 
2.877073 3856.394 0.03951955 492.53091 492.53091 
2.880572 3754.233 0.05110296 492.62094 492.62094 
2.904731 2975.148 0.1126547 492.65771 492.65771 
2.909047 3304.273 0.03517701 492.62369 492.62369 
2.912794 3680.998 0.07842755 492.5546 492.5546 
2.917195 3419.857 0.00823352 492.64737 492.64737 
2.921927 4245.298 0.08835137 492.69406 492.69406 
2.941903 3855.307 0.06465277 492.60822 492.60822 
2.943374 2685.244 0.08929598 492.56616 492.56616 
2.948405 3550.96 0.07706298 492.66571 492.66571 
2.952587 3296.281 0.07270825 492.58337 492.58337 
2.955181 3845.377 0.07280038 492.77448 492.77448 
2.96176 3222.034 0.08088979 492.64035 492.64035 
2.962501 2251.023 0.1557695 492.64517 492.64517 
2.965077 3414.069 0.05176694 492.56693 492.56693 
2.969774 2405.518 0.1172791 492.54422 492.54422 
2.97491 3234.679 0.08637565 492.56308 492.56308 
2.978506 2807.771 0.0714356 492.4971 492.4971 
2.978553 3323.223 0.06955382 492.70053 492.70053 
2.981676 4241.152 0.1073808 492.88022 492.88022 
2.996985 3630.291 0.1321049 492.73233 492.73233 
3.014869 3406.779 0.1330207 492.77469 492.77469 
3.023275 3531.91 0.0989219 492.72543 492.72543 
3.026034 3252.311 0.07085922 492.61316 492.61316 
3.026034 3252.311 0.07085922 492.63202 492.63202 
3.028895 3161.877 0.0960463 492.62296 492.62296 
3.037315 3143.184 0.1157679 492.73727 492.73727 
3.061108 3379.932 0.052463 492.53287 492.53287 
3.064875 2899.39 0.0782256 492.6897 492.6897 
3.071378 2386.136 0.1264015 492.64853 492.64853 
3.083211 3210.621 0.09701525 492.65991 492.65991 
3.08641 2821.851 0.1897773 492.79718 492.79718 
3.087903 3980.712 0.1596896 493.02957 493.02957 
3.090785 2951.462 0.112707 492.61267 492.61267 
3.104483 3822.92 0.06487789 492.8486 492.8486 
3.107628 3061.938 0.09913169 492.7485 492.7485 
3.112461 3606.832 0.07201074 492.69424 492.69424 
3.114743 3464.224 0.07006636 492.74765 492.74765 
3.133982 3909.787 0.0743611 492.77661 492.77661 
3.134019 3989.965 0.2167628 493.26865 493.26865 
3.143049 2727.755 0.1019513 492.58139 492.58139 
3.158075 3156.027 0.2344526 493.03922 493.03922 
3.197265 3464.103 0.05865238 492.82437 492.82437 
3.21379 3360.065 0.00823352 492.71066 492.71066 
3.214356 2306.464 0.1503646 492.72931 492.72931 
3.225467 3202.767 0.00823352 492.69135 492.69135 
3.225859 2875.338 0.1905521 492.86319 492.86319 
3.228333 3041.832 0.00823352 492.74991 492.74991 
3.233503 2928.706 0.1104447 492.7403 492.7403 
3.276809 2895.633 0.1055084 492.8313 492.8313 
3.276809 2895.633 0.1055084 492.8494 492.8494 
3.277535 3906.436 0.1230149 492.9845 492.9845 
3.309085 2255.757 0.166633 492.64847 492.64847 
3.322611 4238.474 0.1255415 493.18604 493.18604 
3.32666 4054.139 0.1223125 493.11523 493.11523 
3.328708 3151.825 0.2681053 493.39169 493.39169 
3.330294 3526.049 0.09656182 492.92746 492.92746 
3.334641 4455.435 0.06112505 493.0159 493.0159 
3.351106 3900.681 0.09532653 492.96246 492.96246 
3.358515 2816.957 0.1934068 492.89987 492.89987 
3.369862 3487.689 0.1022563 492.92654 492.92654 
3.372259 3035.81 0.1207848 492.92169 492.92169 
3.404109 3481.61 0.1068703 493.0289 493.0289 
3.420252 2314.774 0.1921299 492.92917 492.92917 
3.424744 3451.148 0.122872 493.00018 493.00018 
3.434725 3041.088 0.1452209 492.94739 492.94739 
3.45022 3940.955 0.1780582 493.42172 493.42172 
3.465058 3894.4 0.1762092 493.39951 493.39951 
3.469292 2111.161 0.1797232 492.90723 492.90723 
3.475951 2671.029 0.1579462 493.02811 493.02811 
3.518271 3239.96 0.1348942 493.15372 493.15372 
3.528185 3560.585 0.1476191 493.27386 493.27386 
3.533092 3328.615 0.2046718 493.25415 493.25415 
3.546141 3946.653 0.2293454 493.62555 493.62555 
3.550404 1947.353 0.1703569 492.92142 492.92142 
3.56707 2692.24 0.05166784 492.94415 492.94415 
3.56707 2692.24 0.05166784 492.90506 492.90506 
3.567741 2816.912 0.2907438 493.45621 493.45621 
3.577369 3102.037 0.1474038 493.22519 493.22519 
3.5988 3648.542 0.1865863 493.40015 493.40015 
3.658443 1632.739 0.2178434 493.03738 493.03738 
3.659949 3550.778 0.1383078 493.35147 493.35147 
3.698417 3653.914 0.2650026 493.90857 493.90857 
3.712896 3910.339 0.1632025 493.59177 493.59177 
3.715073 1512.256 0.2246642 492.99792 492.99792 
3.762184 3336.517 0.2337694 493.77866 493.77866 
3.778199 2806.479 0.2213578 493.65762 493.65762 
3.799547 3344.149 0.0523385 493.35016 493.35016 
3.802448 2676.431 0.17805 493.36432 493.36432 
3.836905 1584.182 0.2361742 493.22989 493.22989 
3.894348 2635.05 0.3194174 494.02472 494.02472 
3.985466 2062.732 0.3269933 493.81027 493.81027 
3.993132 3823.467 0.299904 494.51663 494.51663 
4.006057 1219.992 0.2516467 493.2865 493.2865 
4.017011 2852.411 0.2353085 493.93784 493.93784 
4.042009 2365.67 0.224136 493.79837 493.79837 
4.054584 1867.611 0.2247945 493.5878 493.5878 
4.064182 5203.984 0.1824485 494.65176 494.65176 
4.128269 1785.844 0.2804589 493.93469 493.93469 
4.132303 2864.766 0.2192699 494.04367 494.04367 
4.170918 1644.212 0.2559326 493.78375 493.78375 
4.201748 3581.674 0.2981891 494.73663 494.73663 
4.201748 3581.674 0.2981891 494.80048 494.80048 
4.230706 1638.217 0.305252 493.79938 493.79938 
4.283769 1531.596 0.3103498 493.75696 493.75696 
4.292424 2324.257 0.2931051 494.2948 494.2948 
4.311504 2549.415 0.251119 494.34 494.34 
4.329724 3606.423 0.3077368 495.01871 495.01871 
4.335283 2175.618 0.3094854 494.4772 494.4772 
4.351264 3093.148 0.2855744 494.94751 494.94751 
4.371061 2766.93 0.3773716 495.09698 495.09698 
4.390945 2226.923 0.3033433 494.5585 494.5585 
4.396352 2376.64 0.3374841 494.74625 494.74625 
4.421457 3222.965 0.2919161 494.96939 494.96939 
4.42162 2986.609 0.3048149 494.9993 494.9993 
4.431859 2516.195 0.2977303 494.60428 494.60428 
4.443254 2585.143 0.2684909 494.64557 494.64557 
4.456814 3858.173 0.3061669 495.41782 495.41782 
4.498043 1913.348 0.3636025 494.69577 494.69577 
4.500882 2121.199 0.3370529 494.82425 494.82425 
4.505349 3558.87 0.3127845 495.48462 495.48462 
4.534453 1666.648 0.335225 494.51273 494.51273 
4.550607 2658.44 0.2752502 494.85464 494.85464 
4.603894 1243.24 0.3607161 494.43436 494.43436 
4.606928 1618.424 0.3689089 494.84406 494.84406 
4.61468 1645.81 0.3291237 494.55261 494.55261 
4.623088 1654.538 0.3905545 494.90771 494.90771 
4.648149 1867.539 0.4015796 495.13971 495.13971 
4.648149 1867.539 0.4015796 495.22601 495.22601 
4.649305 2474.043 0.3169986 495.16327 495.16327 
4.677516 1699.574 0.3655395 494.84778 494.84778 
4.698605 3707.649 0.3277944 495.9679 495.9679 
4.715855 2968.351 0.345436 495.61652 495.61652 
4.724554 1692.327 0.3827322 495.01074 495.01074 
4.737146 1041.746 0.3674318 494.47311 494.47311 
4.737146 1077.414 0.3625875 494.45215 494.45215 
4.737146 1152.204 0.3524197 494.49298 494.49298 
4.737146 1159.879 0.3588398 494.39355 494.39355 
4.737146 1176.306 0.362647 494.57779 494.57779 
4.737146 1205.317 0.3497484 494.52737 494.52737 
4.742971 3611.016 0.3078475 495.91199 495.91199 
4.749246 1006.535 0.3672884 494.41986 494.41986 
4.779936 1006.535 0.3710257 494.42285 494.42285 
4.789346 2889.54 0.3720424 495.96854 495.96854 
4.790105 1006.535 0.3722784 494.5752 494.5752 
4.805825 1006.535 0.377223 494.5589 494.5589 
4.816151 3103.726 0.4122596 496.38464 496.38464 
4.824392 1006.535 0.3768562 494.66141 494.66141 
4.828279 1006.535 0.3783626 494.6514 494.6514 
4.842339 1602.328 0.3888584 495.19257 495.19257 
4.899739 2110.107 0.3804726 495.80676 495.80676 
4.93237 3219.059 0.3308739 496.28207 496.28207 
4.932845 1472.951 0.4367484 495.4856 495.4856 
4.965973 1268.644 0.3881494 495.12173 495.12173 
4.965973 1268.644 0.3881494 495.0032 495.0032 
4.972108 1581.804 0.4397681 495.6842 495.6842 
4.996279 3461.459 0.4045873 496.82477 496.82477 
5.005979 1531.798 0.431823 495.65756 495.65756 
5.00977 2356.073 0.3422073 496.01984 496.01984 
5.055204 1739.163 0.3865509 495.63168 495.63168 
5.150836 1166.92 0.4201565 495.46808 495.46808 
5.240167 2534.109 0.4495077 497.13269 497.13269 
5.250724 2225.449 0.4344978 496.75665 496.75665 
5.259434 1552.295 0.4058474 496.07291 496.07291 
5.267681 2269.618 0.4117272 496.76251 496.76251 
5.291666 1401.32 0.4233914 496.00677 496.00677 
5.306806 1114.053 0.4765089 495.95602 495.95602 
5.405212 3432.438 0.4434142 497.93875 497.93875 
5.429544 4961.687 0.3831021 498.24716 498.24716 
5.534602 2860.998 0.4511939 497.92404 497.92404 
5.602383 982.0957 0.5174955 496.43793 496.43793 
5.658729 2416.179 0.4805987 498.08438 498.08438 
5.851376 1010.64 0.5536801 497.23746 497.23746 
5.868946 1196.487 0.4909149 497.1272 497.1272 
5.98931 2580.816 0.4704381 498.75375 498.75375 
5.992288 2440.143 0.473063 498.66006 498.66006 
6.015173 2307.785 0.4737631 498.67773 498.67773 
6.035829 3135.609 0.5129888 499.65033 499.65033 
6.106985 1813.704 0.5454218 498.87732 498.87732 
6.569187 2385.161 0.5527962 500.47235 500.47235 
6.569187 2385.161 0.5527962 500.46439 500.46439 
## Fri May 28 13:29:11 2021; Sample: 1; # of loci: 1; NrunsPerPoint=50;
## pointmin=1  pointmax=250 out of PointNumber=250
1.400868 3783.268 0.00411676 498.72037 498.72037 
1.425282 3465.218 0.00411676 498.51395 498.51395 
1.496628 2570.839 0.00411676 497.92133 497.92133 
1.527113 2000.432 0.00411676 497.95938 497.95938 
1.582724 2811.588 0.00411676 496.88608 496.88608 
1.623598 1599.801 0.01856847 497.27399 497.27399 
1.644769 1723.371 0.00411676 497.12305 497.12305 
1.772829 2529.516 0.00411676 495.56146 495.56146 
1.833524 3424.69 0.00411676 494.85449 494.85449 
1.886415 3377.892 0.03505229 494.77792 494.77792 
1.908222 4092.692 0.01083209 494.44891 494.44891 
1.908222 4202.726 0.0215258 494.48602 494.48602 
1.908222 4271.762 0.01577757 494.48724 494.48724 
1.908222 4404.439 0.02447318 494.42545 494.42545 
1.908222 4430.22 0.009880554 494.40286 494.40286 
1.908222 4571.929 0.01485161 494.53851 494.53851 
1.928262 2961.567 0.00411676 494.54004 494.54004 
1.980788 3888.191 0.07401454 494.13721 494.13721 
1.985542 1117.304 0.00411676 495.75009 495.75009 
1.990434 6897.031 0.02060486 494.38028 494.38028 
1.998189 2274.844 0.04249939 494.30008 494.30008 
2.020968 1878.347 0.01504828 494.4906 494.4906 
2.024493 1088.419 0.01843454 495.67258 495.67258 
2.061347 2943.321 0.00411676 494.10178 494.10178 
2.096853 3682.615 0.1106944 493.73776 493.73776 
2.096853 3682.615 0.1106944 493.76578 493.76578 
2.113541 4288.119 0.05287095 493.67105 493.67105 
2.133295 4559.286 0.09491501 493.71878 493.71878 
2.148418 4648.701 0.02180371 493.51785 493.51785 
2.161318 4556.53 0.1563801 493.77066 493.77066 
2.163197 2739.608 0.03614482 493.77734 493.77734 
2.178618 3894.282 0.1279886 493.60382 493.60382 
2.240614 1921.007 0.00411676 493.72546 493.72546 
2.284899 3464.818 0.06580324 493.21384 493.21384 
2.312586 3433.158 0.09482156 493.25851 493.25851 
2.383668 3666.978 0.08220081 492.95483 492.95483 
2.405902 2453.559 0.04382152 492.98294 492.98294 
2.416579 4762.08 0.08236108 492.98819 492.98819 
2.427322 3717.052 0.1606295 493.1138 493.1138 
2.466029 4007.312 0.01819267 492.82697 492.82697 
2.473261 4607.351 0.1222553 493.08554 493.08554 
2.473454 2674.532 0.02953371 492.93066 492.93066 
2.48431 3371.736 0.02064641 492.71887 492.71887 
2.487508 1685.374 0.05369534 493.04434 493.04434 
2.509223 3831.117 0.1585928 492.99399 492.99399 
2.510495 4440.589 0.03573018 492.91351 492.91351 
2.588275 4416.607 0.05640265 492.86353 492.86353 
2.608799 3645.267 0.2059142 493.00589 493.00589 
2.610409 2435.777 0.081786 492.6514 492.6514 
2.666795 2446.173 0.079137 492.65268 492.65268 
2.676046 3453.623 0.0116275 492.74622 492.74622 
2.676046 3453.623 0.0116275 492.65564 492.65564 
2.709933 4366.297 0.1116503 492.78711 492.78711 
2.711286 3041.24 0.1802334 492.74078 492.74078 
2.739481 4464.032 0.0899699 492.74261 492.74261 
2.746024 3772.579 0.1500487 492.94308 492.94308 
2.772225 3338.454 0.1538143 492.7916 492.7916 
2.778107 3541.142 0.08494907 492.65662 492.65662 
2.784362 4893.535 0.1109419 492.93811 492.93811 
2.793254 2423.555 0.1020626 492.57068 492.57068 
2.825097 4321.382 0.1578783 492.99805 492.99805 
2.826004 3204.757 0.0131396 492.67401 492.67401 
2.826165 2418.924 0.1281194 492.65683 492.65683 
2.836503 3904.218 0.1890872 492.91156 492.91156 
2.84262 2988.071 0.115009 492.5481 492.5481 
2.84539 2070.846 0.1026535 492.68982 492.68982 
2.848627 2789.185 0.09565623 492.69131 492.69131 
2.850376 4225.241 0.185836 492.93262 492.93262 
2.853097 2363.62 0.1257113 492.59555 492.59555 
2.856077 2278.002 0.1188395 492.51736 492.51736 
2.856142 2423.114 0.1295126 492.59647 492.59647 
2.857584 2684.641 0.06773658 492.62289 492.62289 
2.86299 2805.728 0.1258996 492.57913 492.57913 
2.871812 2953.384 0.02562295 492.67932 492.67932 
2.882922 3157.959 0.204172 492.8551 492.8551 
2.89651 2257.3 0.1138789 492.4057 492.4057 
2.897468 3632.736 0.07529449 492.76675 492.76675 
2.897468 3632.736 0.07529449 492.71115 492.71115 
2.898118 2369.051 0.07736863 492.49576 492.49576 
2.900556 4453.643 0.1420984 492.94394 492.94394 
2.901114 2830.898 0.09917567 492.53082 492.53082 
2.902365 2307.907 0.1353451 492.61127 492.61127 
2.9054 2501.19 0.1236248 492.59006 492.59006 
2.90685 3148.078 0.01385538 492.55731 492.55731 
2.916727 1955.066 0.1064521 492.57535 492.57535 
2.916977 2428.005 0.165347 492.61087 492.61087 
2.919675 2487.916 0.1138084 492.56546 492.56546 
2.923025 4097.75 0.06016696 492.6655 492.6655 
2.925298 2057.442 0.1026564 492.50735 492.50735 
2.925895 2401.979 0.1698538 492.64471 492.64471 
2.927172 2454.312 0.1714302 492.60526 492.60526 
2.928417 3042.127 0.03006726 492.65259 492.65259 
2.947141 2164.937 0.1047094 492.6174 492.6174 
2.96489 3299.993 0.05011998 492.72174 492.72174 
2.975158 3538.283 0.01325102 492.64276 492.64276 
2.995122 2547.777 0.1180784 492.53055 492.53055 
2.996391 2419.844 0.1304273 492.66724 492.66724 
3.000642 2456.656 0.07394162 492.63181 492.63181 
3.006419 4239.855 0.08154203 492.80508 492.80508 
3.008662 2914.85 0.06587267 492.57245 492.57245 
3.011596 1922.456 0.1389349 492.46271 492.46271 
3.019045 4819.11 0.09193041 492.88824 492.88824 
3.036513 2739.558 0.07404638 492.54926 492.54926 
3.036513 2739.558 0.07404638 492.61166 492.61166 
3.036784 2745.046 0.04449665 492.62823 492.62823 
3.038779 4010.616 0.09044814 492.82999 492.82999 
3.083807 4788.453 0.1608695 493.14124 493.14124 
3.087881 3902.577 0.1182715 492.74011 492.74011 
3.108107 3734.195 0.1790801 492.92819 492.92819 
3.113355 2148.394 0.1333439 492.59204 492.59204 
3.138976 3196.855 0.1102949 492.80066 492.80066 
3.145121 3734.334 0.154581 492.85611 492.85611 
3.19481 4327.628 0.1739593 493.22226 493.22226 
3.195698 4277.571 0.185529 493.15762 493.15762 
3.199337 3385.536 0.1459632 492.83414 492.83414 
3.215339 4852.721 0.1622247 493.25821 493.25821 
3.226897 3820.738 0.09923541 492.88196 492.88196 
3.251227 2350.831 0.1600159 492.72772 492.72772 
3.257494 3100.82 0.1402634 492.80984 492.80984 
3.273871 3554.271 0.02451395 492.64746 492.64746 
3.278405 2410.369 0.1518183 492.70734 492.70734 
3.281213 3770.171 0.07932857 492.98236 492.98236 
3.28233 4234.726 0.2224118 493.26801 493.26801 
3.283413 4183.98 0.2162409 493.30249 493.30249 
3.297686 3616.619 0.1105589 492.92389 492.92389 
3.323756 4848.446 0.07466583 493.16934 493.16934 
3.339102 2398.745 0.1346955 492.85419 492.85419 
3.339251 2052.983 0.1879303 492.59134 492.59134 
3.362304 2569.759 0.1233478 492.7139 492.7139 
3.362304 2569.759 0.1233478 492.85141 492.85141 
3.405915 5385.213 0.1887768 493.61893 493.61893 
3.406168 1422.052 0.1158754 492.76926 492.76926 
3.423284 3351.51 0.1651927 493.11743 493.11743 
3.44384 3542.939 0.159943 493.22168 493.22168 
3.465675 3228.326 0.09852447 492.99475 492.99475 
3.470387 3324.161 0.2158119 493.37424 493.37424 
3.501446 3422.557 0.2571495 493.55002 493.55002 
3.538822 4782.66 0.1637594 493.59006 493.59006 
3.599286 4722.815 0.1135677 493.49759 493.49759 
3.617911 2465.557 0.2212798 493.13324 493.13324 
3.620304 2838.04 0.1024142 493.03586 493.03586 
3.62499 3589.17 0.2525112 493.71356 493.71356 
3.62576 3154.161 0.1224359 493.16 493.16 
3.642061 4851.423 0.1700413 493.73608 493.73608 
3.64436 2438.955 0.2045336 493.15054 493.15054 
3.646873 2354.191 0.2924454 493.33905 493.33905 
3.64711 4234.79 0.1567599 493.6597 493.6597 
3.663257 3126.92 0.253365 493.53503 493.53503 
3.764051 3437.648 0.07787556 493.41071 493.41071 
3.799728 2648.481 0.106756 493.28375 493.28375 
3.800739 2394.842 0.1490936 493.33829 493.33829 
3.81253 4349.348 0.2477156 494.2323 494.2323 
3.856087 2466.089 0.2126216 493.50916 493.50916 
3.857317 3376.43 0.1262364 493.54996 493.54996 
3.865909 3970.82 0.1855002 493.9166 493.9166 
3.865909 3970.82 0.1855002 494.01492 494.01492 
3.880362 2354.337 0.177479 493.38589 493.38589 
3.929555 3666.181 0.2405829 494.12067 494.12067 
3.942807 3157.066 0.255776 493.99417 493.99417 
3.969281 2492.738 0.217222 493.65433 493.65433 
3.979567 1805.803 0.2917368 493.51904 493.51904 
3.988481 5193.228 0.177559 494.3912 494.3912 
3.989233 5193.228 0.1776662 494.41928 494.41928 
3.989283 5193.228 0.1775335 494.45312 494.45312 
3.990979 5193.228 0.1777023 494.39456 494.39456 
3.991181 15.1952 0.180387 521.62433 521.62433 
3.991613 4140.117 0.2034502 494.23236 494.23236 
3.992483 5193.228 0.1778874 494.48285 494.48285 
3.994484 2513.673 0.2875616 493.94702 493.94702 
3.996877 2337.203 0.2614704 493.79657 493.79657 
4.000568 5193.228 0.1784549 494.41537 494.41537 
4.039282 4999.495 0.2136121 494.60684 494.60684 
4.053508 2486.37 0.1499839 493.67465 493.67465 
4.079507 4452.187 0.2855491 494.77377 494.77377 
4.082941 3734.774 0.1588094 494.07443 494.07443 
4.092764 1933.086 0.2390658 493.66736 493.66736 
4.099316 3664.269 0.2548144 494.49896 494.49896 
4.101987 2220.937 0.2049628 493.73056 493.73056 
4.103916 458.687 0.2987567 493.41428 493.41428 
4.113094 2077.096 0.236208 493.77585 493.77585 
4.120237 754.375 0.2474695 493.38675 493.38675 
4.120237 754.375 0.2474695 493.43924 493.43924 
4.120467 4817.598 0.197021 494.6351 494.6351 
4.134813 1656.388 0.3007127 493.81924 493.81924 
4.150941 3481.896 0.2197365 494.30045 494.30045 
4.163147 2535.204 0.1705615 493.7486 493.7486 
4.166325 4001.693 0.3015662 494.88046 494.88046 
4.224326 1940.38 0.2461573 493.81519 493.81519 
4.248106 1670.103 0.3370689 493.97903 493.97903 
4.253655 4478.854 0.2887604 495.3024 495.3024 
4.268011 3799.835 0.2597995 494.79767 494.79767 
4.293874 1878.516 0.3107298 494.24774 494.24774 
4.305426 4555.051 0.2863296 495.27701 495.27701 
4.313763 4051.328 0.2191342 494.76962 494.76962 
4.316282 2706.897 0.2571917 494.45612 494.45612 
4.325665 2578.17 0.2320788 494.26984 494.26984 
4.340272 4043.47 0.2643949 495.03934 495.03934 
4.344708 4192.047 0.2382512 495.0004 495.0004 
4.440301 2714.575 0.5610617 496.34552 496.34552 
4.463028 3619.372 0.3739349 495.79199 495.79199 
4.474436 2382.286 0.2838299 494.63791 494.63791 
4.494903 4106.538 0.2801546 495.50134 495.50134 
4.515544 4048.955 0.259287 495.53717 495.53717 
4.558805 2866.491 0.3421068 495.33496 495.33496 
4.562637 2674.307 0.2735279 494.9581 494.9581 
4.61778 5079.211 0.268058 496.08054 496.08054 
4.639464 1916.567 0.3355258 494.89401 494.89401 
4.639464 1916.567 0.3355258 494.87003 494.87003 
4.655712 1931.945 0.3250871 494.96945 494.96945 
4.691162 3119.969 0.2711018 495.34497 495.34497 
4.714494 2099.825 0.2799299 494.92197 494.92197 
4.739495 3651.624 0.30803 495.81293 495.81293 
4.754701 506.5832 0.1892234 494.16687 494.16687 
4.773458 1532.233 0.3714237 494.94437 494.94437 
4.78335 1065.469 0.3711589 494.50623 494.50623 
4.78335 1085.151 0.3734545 494.51459 494.51459 
4.78335 1090.711 0.3582066 494.49179 494.49179 
4.78335 1203.509 0.3634204 494.68057 494.68057 
4.78335 1300.6 0.332968 494.71509 494.71509 
4.78335 1326.145 0.338583 494.77438 494.77438 
4.797406 829.4722 0.2715599 494.27673 494.27673 
4.844954 998.7759 0.3837794 494.5437 494.5437 
4.845923 998.7759 0.3839003 494.68213 494.68213 
4.847796 2451.812 0.2976629 495.48257 495.48257 
4.853639 998.7759 0.3832891 494.56659 494.56659 
4.859616 998.7759 0.3825295 494.64603 494.64603 
4.864895 998.7759 0.3868531 494.61371 494.61371 
4.866761 2349.098 0.2298347 495.185 495.185 
4.873609 998.7759 0.3840575 494.64957 494.64957 
4.90779 3936.844 0.3816934 496.84183 496.84183 
4.908596 4457.588 0.3297582 496.69397 496.69397 
4.945959 3796.663 0.3237486 496.50903 496.50903 
4.97091 15.1952 0.3292044 514.68811 514.68811 
4.97091 15.1952 0.3292044 514.7652 514.7652 
4.97561 1537.446 0.3992272 495.44098 495.44098 
5.059714 2861.787 0.4265285 496.92654 496.92654 
5.081414 2352.632 0.4248955 496.48535 496.48535 
5.100569 1570.293 0.4745024 496.18063 496.18063 
5.141189 2189.311 0.3444624 496.02097 496.02097 
5.207894 1555.255 0.3930276 495.84601 495.84601 
5.209459 4495.105 0.3789381 497.63873 497.63873 
5.218797 1098.858 0.1935898 494.92569 494.92569 
5.264886 1332.6 0.4575888 496.09457 496.09457 
5.288057 15.1952 0.3259028 514.01746 514.01746 
5.290367 3968.021 0.3851873 497.65097 497.65097 
5.305896 893.8787 0.3685391 495.31021 495.31021 
5.311235 1522.291 0.4098552 496.10513 496.10513 
5.359973 2823.601 0.4371707 497.41968 497.41968 
5.410315 2259.023 0.4439512 497.27914 497.27914 
5.468073 1102.839 0.4970665 496.40714 496.40714 
5.47577 1234.74 0.5048124 496.57031 496.57031 
5.505251 15.1952 0.3900409 512.42407 512.42407 
5.534921 2148.392 0.4024569 497.17072 497.17072 
5.632923 3690.669 0.4094463 498.32498 498.32498 
5.692426 2162.354 0.4755581 497.89569 497.89569 
5.851698 2250.857 0.2232353 496.96735 496.96735 
5.989313 15.1952 0.4928613 510.08942 510.08942 
6.331186 851.6669 0.6587812 498.55426 498.55426 
6.79641 77.45782 0.4650369 496.33148 496.33148 
6.79641 77.45782 0.4650369 496.56998 496.56998 
## Fri May 28 13:33:10 2021; Sample: 1; # of loci: 1; NrunsPerPoint=50;
## pointmin=1  pointmax=250 out of PointNumber=250
1.445634 3062.397 0.02095814 498.17715 498.17715 
1.531081 8289.678 0.1103908 497.61069 497.61069 
1.540648 986.4485 0.00205838 499.84818 499.84818 
1.613797 760.0589 0.00205838 500.01608 500.01608 
1.63273 4450.292 0.00205838 496.30685 496.30685 
1.635329 3236.179 0.09856985 496.34222 496.34222 
1.805905 2300.785 0.06115572 495.25638 495.25638 
1.829207 2976.122 0.008026012 495.06458 495.06458 
1.831443 4573.553 0.0262788 495.01816 495.01816 
1.833607 2860.14 0.07498828 494.93808 494.93808 
1.849393 550.953 0.00205838 499.56094 499.56094 
1.854421 3618.11 0.04623404 494.80328 494.80328 
1.858094 3216.097 0.00205838 494.9278 494.9278 
1.909989 1810.029 0.03186326 494.92108 494.92108 
1.909989 2159.593 0.03700453 494.88458 494.88458 
1.909989 3588.855 0.02768998 494.43567 494.43567 
1.909989 3638.561 0.06587463 494.49493 494.49493 
1.909989 5250.743 0.04412975 494.51666 494.51666 
1.909989 5764.299 0.02249367 494.67877 494.67877 
1.942616 3199.382 0.01567407 494.41269 494.41269 
2.006439 1300.434 0.00205838 495.21988 495.21988 
2.023329 4344.218 0.00205838 494.02319 494.02319 
2.10238 1.549156 0.08269059 599.50586 599.50586 
2.138881 3691.581 0.04966572 493.6232 493.6232 
2.139573 3819.059 0.05199742 493.50879 493.50879 
2.139573 3819.059 0.05199742 493.63113 493.63113 
2.157602 5232.608 0.00205838 493.53174 493.53174 
2.179346 4934.885 0.08771952 493.64413 493.64413 
2.186179 6616.29 0.04933155 493.76199 493.76199 
2.188032 5290.674 0.02175961 493.52838 493.52838 
2.191355 2419.857 0.09749911 493.51401 493.51401 
2.191811 1.549156 0.09089225 596.9704 596.9704 
2.202545 4423.859 0.04132037 493.44766 493.44766 
2.225089 1769.638 0.0553264 493.71967 493.71967 
2.235169 3492.906 0.04635908 493.32053 493.32053 
2.271992 3368.628 0.02680448 493.22897 493.22897 
2.273859 5156.405 0.00205838 493.3186 493.3186 
2.275404 3224.72 0.02617022 493.18607 493.18607 
2.281337 2745.132 0.1385327 493.14319 493.14319 
2.282233 5306.78 0.05926238 493.34033 493.34033 
2.299032 3853.374 0.1118702 493.15405 493.15405 
2.303436 6380.888 0.08707121 493.59088 493.59088 
2.312412 6691.601 0.05230249 493.43787 493.43787 
2.318247 4129.96 0.08547786 493.20624 493.20624 
2.320195 4911.069 0.05522054 493.15683 493.15683 
2.355736 5759.021 0.1046106 493.3808 493.3808 
2.355833 5165.292 0.02174592 493.1842 493.1842 
2.369437 2254.856 0.08787828 493.13492 493.13492 
2.375997 6546.263 0.0547186 493.42163 493.42163 
2.419816 5699.429 0.1656395 493.45374 493.45374 
2.427287 6421.101 0.07867932 493.30045 493.30045 
2.427287 6421.101 0.07867932 493.28232 493.28232 
2.474506 1042.152 0.08184163 493.74609 493.74609 
2.5353 2420.627 0.1532669 492.92029 492.92029 
2.536303 5634.7 0.154368 493.26285 493.26285 
2.583638 6151.553 0.08527775 493.21503 493.21503 
2.584572 2445.26 0.14048 492.73761 492.73761 
2.595928 2009.99 0.04311945 492.92584 492.92584 
2.607118 2414.134 0.06861915 492.69675 492.69675 
2.640713 2203.561 0.04779419 492.83478 492.83478 
2.644199 6297.835 0.07374132 493.23776 493.23776 
2.646885 2254.614 0.1141045 492.80646 492.80646 
2.648645 6283.675 0.07343068 493.12323 493.12323 
2.688315 1570.299 0.1783408 492.62683 492.62683 
2.690662 2226.218 0.09868039 492.61157 492.61157 
2.704887 5602.033 0.062727 492.88437 492.88437 
2.715555 2491.294 0.1376592 492.55194 492.55194 
2.732674 3496.438 0.0300219 492.66278 492.66278 
2.75092 1680.828 0.12329 492.64108 492.64108 
2.756068 2225.494 0.1064908 492.69501 492.69501 
2.762851 3251.918 0.2501999 492.88437 492.88437 
2.781673 4386.402 0.1761787 493.03067 493.03067 
2.786321 3793.934 0.1207618 492.77942 492.77942 
2.803566 2226.102 0.1148449 492.75983 492.75983 
2.821523 1732.28 0.09899149 492.68048 492.68048 
2.827916 2208.161 0.1090991 492.62747 492.62747 
2.842718 6255.113 0.1033045 493.23361 493.23361 
2.842718 6255.113 0.1033045 493.17368 493.17368 
2.846186 5140.839 0.07075816 492.89255 492.89255 
2.883572 2219.847 0.1231862 492.68594 492.68594 
2.919094 3363.694 0.1289832 492.69293 492.69293 
2.948861 3292.57 0.06263017 492.4624 492.4624 
2.996109 6057.918 0.1519124 493.35913 493.35913 
3.014076 818.4512 0.0260776 493.89679 493.89679 
3.053977 4968.015 0.2085949 493.29135 493.29135 
3.057332 4207.586 0.1720315 493.02481 493.02481 
3.063013 4259.691 0.1854153 493.08481 493.08481 
3.153743 6092.482 0.1328898 493.45349 493.45349 
3.18264 4686.59 0.2094045 493.38736 493.38736 
3.186503 2713.615 0.3185535 493.01733 493.01733 
3.1952 4087.68 0.05159453 492.76016 492.76016 
3.197659 2082.471 0.1958808 492.59641 492.59641 
3.245545 2609.969 0.2327198 492.85608 492.85608 
3.294565 4343.167 0.00205838 492.91409 492.91409 
3.299235 4935.159 0.1707207 493.42416 493.42416 
3.311256 3338.735 0.06520264 492.84885 492.84885 
3.315449 3455.569 0.3536158 493.73987 493.73987 
3.32475 1989.926 0.1656284 492.68582 492.68582 
3.357014 3909.823 0.06811116 492.86472 492.86472 
3.401131 7690.221 0.08123028 493.72443 493.72443 
3.442817 1.549156 0.07645991 571.70703 571.70703 
3.469091 2123.033 0.2614037 492.93994 492.93994 
3.4851 3290.376 0.08973569 492.98215 492.98215 
3.4851 3290.376 0.08973569 493.1178 493.1178 
3.488454 1950.78 0.2032816 492.88428 492.88428 
3.50506 3202.11 0.220892 493.25006 493.25006 
3.534846 1459.852 0.2289093 492.78046 492.78046 
3.615099 1704.288 0.09981338 492.80148 492.80148 
3.625898 2091.823 0.3539204 493.48154 493.48154 
3.667236 2310.031 0.1141381 493.05487 493.05487 
3.715293 968.0377 0.2355857 493.01859 493.01859 
3.734213 3702.753 0.2677256 493.93683 493.93683 
3.744869 2202.832 0.3460376 493.62326 493.62326 
3.757128 2316.971 0.3724362 493.80551 493.80551 
3.804686 3067.35 0.3754996 494.29749 494.29749 
3.826 1887.129 0.2577285 493.30643 493.30643 
3.826352 3798.433 0.2852563 494.28781 494.28781 
3.8414 4503.61 0.2197946 494.16168 494.16168 
3.843818 4130.374 0.148652 493.80756 493.80756 
3.845883 1436.672 0.33823 493.23083 493.23083 
3.854571 3718.588 0.3046488 494.26907 494.26907 
3.855811 4883.237 0.1725135 494.25909 494.25909 
3.857649 5227.025 0.1800139 494.23834 494.23834 
3.882367 4418.714 0.3897693 495.1037 495.1037 
3.891675 4232.658 0.277462 494.45462 494.45462 
3.912306 1.549156 0.3794172 563.55719 563.55719 
3.920416 2877.336 0.2468381 493.84167 493.84167 
3.925224 5555.52 0.376466 495.32208 495.32208 
3.946561 3049.444 0.1940028 493.77527 493.77527 
3.946561 3049.444 0.1940028 493.78503 493.78503 
3.959017 4951.752 0.1692019 494.25888 494.25888 
3.959531 3228.133 0.1441146 493.76465 493.76465 
3.965756 3866.317 0.392195 494.99643 494.99643 
4.012063 5250.408 0.1843506 494.54596 494.54596 
4.015416 2927.159 0.09186435 493.64209 493.64209 
4.06553 3393.039 0.2760366 494.396 494.396 
4.160034 1513.594 0.2164229 493.57208 493.57208 
4.199282 4022.177 0.2752488 494.88431 494.88431 
4.210062 3917.655 0.1460166 494.35486 494.35486 
4.221283 2748.819 0.3843049 494.82718 494.82718 
4.252244 1922.181 0.2710619 494.03021 494.03021 
4.259166 2507.969 0.4934685 495.42023 495.42023 
4.275219 246.8523 0.4131563 493.63373 493.63373 
4.286668 2208.366 0.2000798 493.97424 493.97424 
4.306899 2516.505 0.3212488 494.67975 494.67975 
4.317073 2107.087 0.1878621 493.98477 493.98477 
4.327646 2371.181 0.4086453 494.96716 494.96716 
4.338829 1598.712 0.1440705 493.8739 493.8739 
4.345406 1812.085 0.1774309 493.8045 493.8045 
4.366185 2281.694 0.4258919 495.12759 495.12759 
4.384729 636.2549 0.3426903 493.66718 493.66718 
4.407212 1756.082 0.1574528 493.97626 493.97626 
4.451881 5116.939 0.2870938 495.77551 495.77551 
4.455739 3087.975 0.3485555 495.30878 495.30878 
4.478641 2540.961 0.331804 494.87573 494.87573 
4.478641 2540.961 0.331804 494.92545 494.92545 
4.49014 3806.913 0.203296 494.99774 494.99774 
4.514807 315.2649 0.1041673 494.89252 494.89252 
4.518381 4306.329 0.2869557 495.61618 495.61618 
4.525724 4552.236 0.2768119 495.66809 495.66809 
4.537429 3589.769 0.2719909 495.27322 495.27322 
4.542418 2182.738 0.1372214 494.26239 494.26239 
4.586005 417.7663 0.3253713 493.81619 493.81619 
4.604195 4368.193 0.2934724 495.86911 495.86911 
4.610063 3041.264 0.3978181 495.80389 495.80389 
4.663867 2181.047 0.1856118 494.68729 494.68729 
4.676241 4178.275 0.2081898 495.573 495.573 
4.687655 3824.636 0.3256667 495.91153 495.91153 
4.703801 3029.96 0.4973694 496.63516 496.63516 
4.745898 2099.409 0.2273148 494.76843 494.76843 
4.762593 3351.721 0.2216065 495.44864 495.44864 
4.864824 2235.977 0.224982 495.12268 495.12268 
4.882702 3331.105 0.237852 495.7269 495.7269 
4.886321 3827.959 0.4319707 497.02588 497.02588 
4.918941 2499.323 0.3611139 495.92682 495.92682 
4.921936 1361.613 0.5010751 495.63916 495.63916 
4.939464 4304.305 0.351335 496.78738 496.78738 
4.95419 3934.369 0.3462841 496.6636 496.6636 
4.979214 1837.811 0.4613897 496.03894 496.03894 
4.990497 1862.616 0.3002516 495.38644 495.38644 
4.991445 1121.405 0.4113337 495.14691 495.14691 
4.991445 1121.405 0.4113337 495.21274 495.21274 
5.000915 877.4831 0.2594954 494.54642 494.54642 
5.024368 3833.644 0.3363236 496.66037 496.66037 
5.02563 1407.257 0.227164 494.87064 494.87064 
5.040948 893.9095 0.4626552 495.04849 495.04849 
5.060175 2199.043 0.4125309 496.23856 496.23856 
5.063271 3583.959 0.2233133 496.11584 496.11584 
5.064033 688.707 0.2323131 494.50333 494.50333 
5.114753 533.7576 0.4099843 494.5827 494.5827 
5.119119 1036.687 0.2780954 494.8179 494.8179 
5.196793 3540.294 0.2823455 496.49338 496.49338 
5.249732 348.0272 0.3688255 494.42288 494.42288 
5.249732 388.0637 0.2903892 494.53616 494.53616 
5.249732 390.2046 0.3335816 494.53128 494.53128 
5.249732 469.3526 0.252056 494.64346 494.64346 
5.249732 472.3576 0.3476995 494.51279 494.51279 
5.249732 577.5333 0.2707672 494.64566 494.64566 
5.270812 548.2645 0.2656631 494.69345 494.69345 
5.28432 2885.548 0.252262 496.29477 496.29477 
5.287104 1.549156 0.5094257 549.19879 549.19879 
5.296946 296.9297 0.3685246 494.52173 494.52173 
5.301327 296.9297 0.3708859 494.45535 494.45535 
5.340353 296.9297 0.3720296 494.41058 494.41058 
5.342714 296.9297 0.3630753 494.56808 494.56808 
5.36204 296.9297 0.3650942 494.58502 494.58502 
5.368961 3049.205 0.3035229 496.91245 496.91245 
5.368961 3049.205 0.3035229 496.82727 496.82727 
5.370198 4000.06 0.3749305 497.67197 497.67197 
5.380724 1.549156 0.2570833 549.15839 549.15839 
5.398337 4302.742 0.02880555 496.2532 496.2532 
5.399083 296.9297 0.3790904 494.46521 494.46521 
5.413039 45.6294 0.4044191 499.86423 499.86423 
5.427188 1407.69 0.3691588 495.89951 495.89951 
5.507358 1727.578 0.2063934 495.85498 495.85498 
5.53322 416.9906 0.332542 494.82257 494.82257 
5.571634 395.8488 0.3807141 494.92191 494.92191 
5.577053 1920.81 0.2467042 496.34851 496.34851 
5.58074 646.3221 0.2792758 495.22144 495.22144 
5.587275 3526.533 0.5231769 498.97107 498.97107 
5.591824 2608.848 0.507655 498.38147 498.38147 
5.681215 593.6742 0.3792832 495.49216 495.49216 
5.717841 493.5989 0.3282644 495.17184 495.17184 
5.730173 1648.132 0.3453532 496.67752 496.67752 
5.730667 2312.561 0.3282711 497.12573 497.12573 
5.80427 1027.216 0.4329165 496.48248 496.48248 
5.904602 833.073 0.3373711 496.10251 496.10251 
5.918458 451.508 0.3668985 495.38708 495.38708 
5.920011 375.6396 0.3395959 495.21204 495.21204 
5.92774 684.6948 0.4986954 496.37137 496.37137 
5.931528 336.2397 0.3735611 495.26929 495.26929 
5.931853 499.6845 0.3655115 495.6228 495.6228 
5.933376 707.0361 0.3308133 495.84146 495.84146 
5.933376 707.0361 0.3308133 495.97546 495.97546 
6.023192 1086.504 0.3503204 496.67661 496.67661 
6.039383 4289.742 0.1519492 498.00555 498.00555 
6.050054 1102.111 0.399357 497.02835 497.02835 
6.053513 651.8011 0.3416606 496.02856 496.02856 
6.064068 455.597 0.3834614 495.58926 495.58926 
6.121389 779.4315 0.3739248 496.44427 496.44427 
6.123757 493.6246 0.3693423 495.66364 495.66364 
6.125422 673.6324 0.3424653 496.10696 496.10696 
6.141829 206.0175 0.4165294 495.20819 495.20819 
6.171864 1207.095 0.6268981 498.7674 498.7674 
6.18397 871.8541 0.2905871 496.45337 496.45337 
6.184186 409.0505 0.4544871 495.67502 495.67502 
6.295303 370.6995 0.4495978 495.76135 495.76135 
6.368397 2037.152 0.1868797 497.63876 497.63876 
6.439268 568.1611 0.5672577 497.1987 497.1987 
6.444248 400.0273 0.4400225 496.19708 496.19708 
6.503012 2764.846 0.300344 498.92316 498.92316 
6.525795 362.9714 0.5121657 496.27014 496.27014 
6.76649 1.549156 0.6796324 538.81274 538.81274 
6.815302 1.549156 0.6930358 538.45911 538.45911 
7.119838 54.63479 0.7540484 495.81757 495.81757 
7.160501 853.1807 0.2799183 497.84103 497.84103 
7.304719 43.05686 0.3730003 499.6622 499.6622 
7.530346 1.549156 0.4050456 535.10736 535.10736 
7.730261 1.549156 0.3339236 534.23694 534.23694 
7.730261 1.549156 0.3339236 534.36481 534.36481 
