1.552771 195.1804 0.6770754
1.582766 1965.876 0.3719508
1.615091 1849.437 0.4210072
1.624392 2127.016 0.04506771
1.658031 1546.204 0.4020602
1.66958 1295.403 0.3324372
1.700406 788.0624 0.3524048
1.728284 893.5006 0.9015923
1.790114 1053.485 0.4760516
1.831816 606.4424 0.9988616
1.87953 369.5 0.5268707
1.903267 755.7637 0.6543974
1.930737 443.78 0.9988616
1.94139 1005.233 0.7965531
1.958636 2218.398 0.0005268075
1.993014 1252.271 0.2439535
2.018847 114.4097 0.9154898
2.018847 214.0784 0.7959475
2.018847 221.8308 0.8109917
2.018847 241.7712 0.7848108
2.018847 280.3771 0.7356541
2.018847 323.3295 0.7065597
2.04502 889.277 0.1606184
2.046055 497.1164 0.7167009
2.057514 2515.702 0.7102939
2.075481 2163.885 0.1346294
2.075661 990.0762 0.5449245
2.088431 1877.559 0.3579831
2.109058 1092.959 0.1710068
2.111028 1714.188 0.451165
2.112725 776.3326 0.9988616
2.141563 139.3041 0.7885275
2.176661 445.0287 0.4446906
2.198655 524.4099 0.540053
2.214211 630.9625 0.7629601
2.216914 1185.739 0.5637748
2.225208 329.9658 0.9988616
2.229207 1157.271 0.3926293
2.337181 2011.377 0.486438
2.345115 117.4691 0.7079499
2.365494 1439.717 0.02515588
2.372771 2161.492 0.3107577
2.374202 2011.004 0.01234165
2.391958 284.1027 0.861155
2.439827 171.1807 0.8379254
2.4483 610.3413 0.3615859
2.456953 627.7784 0.9988616
2.462731 2418.79 0.3570857
2.490435 2321.169 0.1959884
2.504422 2379.879 0.1326381
2.510363 914.0188 0.1738033
2.558319 602.1612 0.3774591
2.559951 459.5142 0.9966715
2.577193 1831.916 0.1646603
2.597657 92.14012 0.8987431
2.645338 1494.265 0.6480685
2.649735 390.29 0.5896957
2.654703 1021.331 0.3055285
2.655624 380.3639 0.6915856
2.690931 1505.39 0.3020786
2.702433 1012.266 0.06835231
2.711072 783.2797 0.9128611
2.721377 1098.84 0.6136096
2.723323 1684.287 0.6471374
2.745229 2452.91 0.06744606
2.753495 2591.038 0.3405987
2.759863 2591.038 0.3359004
2.765579 1238.644 0.3196809
2.778065 365.8728 0.518914
2.787221 1297.335 0.01540484
2.788258 1538.512 0.330228
2.815996 2591.038 0.3329424
2.821195 185.7523 0.9505566
2.846141 433.0618 0.850158
2.84899 1818.235 0.6179129
2.870662 113.3348 0.789973
2.896218 1343.639 0.3246063
2.906876 575.0746 0.768655
2.933047 2591.038 0.3487621
2.950542 179.3395 0.8556456
2.971135 1188.874 0.5987453
2.974268 274.1715 0.7287982
2.976613 2591.038 0.334193
2.977932 1612.292 0.2999719
2.981241 989.0123 0.9686023
2.98523 57.35773 0.8285048
2.99151 676.6659 0.3993425
3.001246 2591.038 0.3298648
3.019931 743.9241 0.1475974
3.024528 1200.863 0.7594768
3.038534 115.8555 0.7679066
3.055824 810.4333 0.5684331
3.072974 131.725 0.9221452
3.08026 2635.531 0.6149592
3.113564 983.951 0.2397562
3.141446 110.3416 0.9556051
3.159451 1531.674 0.9113033
3.177678 342.994 0.6862702
3.191736 124.4542 0.5220968
3.194001 946.3931 0.7262986
3.233964 575.8165 0.386481
3.240707 1640.203 0.3480744
3.249042 1094.98 0.8884795
3.267938 271.5693 0.7391158
3.272187 2406.054 0.3125479
3.280947 732.7216 0.1350176
3.291553 2745.183 0.9988616
3.299667 847.0685 0.5923899
3.318557 416.3722 0.7687956
3.323438 162.736 0.8234579
3.330802 57.45071 0.8874656
3.333837 288.9262 0.7623503
3.341431 116.1833 0.8447185
3.372062 88.11913 0.8811861
3.426801 951.7442 0.311701
3.436565 848.3109 0.8075939
3.447201 70.66852 0.9090649
3.463264 683.4617 0.777772
3.464953 456.9953 0.5003752
3.466735 124.445 0.6478597
3.46757 144.1118 0.8597433
3.472294 122.7986 0.8172052
3.476419 226.6389 0.5095111
3.508592 109.258 0.9209553
3.517544 195.2394 0.5694372
3.530861 2508.798 0.8389677
3.539955 109.7812 0.8919513
3.54205 344.1641 0.5443275
3.561113 1390.919 0.1788508
3.569451 775.0235 0.4535228
3.574595 108.9992 0.9192164
3.598951 81.77408 0.8153527
3.626783 384.0415 0.5511725
3.651822 148.1313 0.833718
3.659079 164.3891 0.7302219
3.683162 358.706 0.9988616
3.716536 949.3714 0.9988616
3.722231 129.9087 0.823245
3.732799 214.8167 0.7962145
3.749482 109.2802 0.9320323
3.764254 1543.074 0.1996667
3.777509 649.609 0.3310561
3.779661 2379.086 0.08426534
3.807185 108.6337 0.9504722
3.830986 439.7619 0.5348375
3.85255 50.89435 0.9332016
3.856103 770.765 0.08393982
3.856517 152.6049 0.6353748
3.866252 782.5316 0.316201
3.881594 171.0543 0.4553146
3.900856 573.8835 0.6353382
3.92893 2652.172 0.0005268075
3.939132 1047.293 0.5090277
3.947407 111.5698 0.77206
3.967004 50.89435 0.9123538
3.985644 50.89435 0.9236402
3.986555 110.0293 0.9263419
4.004687 978.9161 0.101916
4.024594 111.2375 0.5689367
4.028312 50.89435 0.9244353
4.030118 681.0171 0.5279849
4.041768 280.9824 0.6701237
4.051596 1357.061 0.3989689
4.080988 2046.253 0.1823683
4.084879 312.0438 0.258251
4.088807 163.8349 0.7330574
4.09002 552.1044 0.2421997
4.091546 1181.089 0.6580579
4.110937 1696.454 0.5252713
4.115602 2676.895 0.0005268075
4.153538 50.89435 0.9176081
4.159514 824.4855 0.7677486
4.181342 2007.401 0.4709696
4.235054 920.3611 0.3639533
4.255586 1135.822 0.01658482
4.256109 2409.1 0.2124787
4.296545 363.1929 0.6567967
4.313608 50.89435 0.9169451
4.3727 2058.289 0.0005268075
4.411171 2256.344 0.04090587
4.478215 186.1376 0.5869798
4.499392 1839.682 0.0005268075
4.510428 1248.712 0.1676665
4.594192 197.324 0.4946468
4.608141 2082.091 0.3644124
4.624765 1821.663 0.3679323
4.661474 1451.004 0.2223995
4.704123 348.5172 0.9988616
4.735695 1761.145 0.4024965
4.753907 2021.087 0.0728328
4.774789 2380.804 0.03468564
4.782135 1391.367 0.2284936
4.787044 2386.449 0.3782196
4.806881 1994.448 0.2513437
4.808177 1500.753 0.3944401
4.821553 2165.504 0.1834605
4.839921 220.8728 0.7793468
4.868941 281.9367 0.8601883
4.882806 1156.17 0.3076994
4.885198 1372.619 0.0005268075
4.89617 67.34632 0.7701285
4.939606 2438.007 0.3546649
4.943785 997.8169 0.2113423
4.960778 1647.094 0.05138991
4.987558 1043.365 0.0120239
5.040673 2076.911 0.3361871
5.065119 128.5456 0.9583394
5.186977 1361.913 0.006964129
5.213543 1527.678 0.4731369
5.226677 1844.656 0.1418434
5.259512 2244.812 0.130966
5.321559 434.9008 0.8296436
5.336431 1200.235 0.2540763
5.40449 767.9262 0.4749987
5.406693 273.3961 0.3102434
5.464872 68.66021 0.8677615
5.473686 1112.989 0.1418364
5.477711 1085.912 0.4272121
5.482133 783.8653 0.01565958
5.534242 492.5859 0.1906461
5.571512 713.2366 0.6322773
5.579614 2175.803 0.02188166
5.700687 80.52319 0.7717125
5.700687 80.92852 0.827878
5.700687 90.644 0.8983119
5.700687 96.69831 0.743532
5.700687 106.0111 0.6723606
5.700687 135.3396 0.6975445
5.840013 210.447 0.5234789
5.894924 572.8149 0.397632
5.924498 734.6429 0.4426441
5.991187 1003.742 0.0272648
6.000362 1289.293 0.01766208
6.050349 180.9479 0.6062159
6.275398 1629.883 0.2760991
6.306121 568.103 0.0816584
6.484042 626.7963 0.2482425
6.588123 171.7427 0.8800586
6.725117 1210.339 0.0005268075
6.796904 889.5231 0.0005268075
7.104409 362.4525 0.5783543
7.29639 205.7654 0.4426328
7.584987 577.6228 0.0005268075
7.625564 389.7513 0.0005268075
7.630658 1261.789 0.0005268075
7.649203 158.3432 0.8150764
7.915564 969.3928 0.0005268075
8.051 334.2305 0.0005268075
8.272484 154.3638 0.0005268075
10.40077 140.8261 0.6767992
# initCovFnParam= 2.77628696039379 209.729050813246 3.06221823490409 4
