1.520982 1709.31 0.3478254
1.581231 530.6384 0.9100119
1.621724 1156.736 0.5737648
1.639852 1122.59 0.1925003
1.641691 1040.7 0.4913507
1.709641 2195.569 0.0002634038
1.72721 136.8052 0.6816044
1.739743 1924.256 0.3506854
1.83976 1570.783 0.123431
1.843824 1797.573 0.241769
1.858415 2266.882 0.2117424
1.870872 875.8569 0.7229853
1.894122 227.9623 0.9994308
1.901225 2302.638 0.1405476
1.928109 1608.395 0.09330086
1.933426 922.5833 0.4497462
1.953619 1091.303 0.7442282
2.0017 810.5825 0.6639401
2.010056 125.4585 0.8812729
2.010056 128.1097 0.9538995
2.010056 131.5134 0.9185394
2.010056 171.4397 0.8103301
2.010056 179.6863 0.8581591
2.010056 205.1207 0.7653365
2.013932 1189.261 0.2554704
2.019941 2392.725 0.006149908
2.063955 1294.144 0.860381
2.078456 2182.116 0.65567
2.084495 116.1319 0.7498428
2.092936 1765.029 0.0002634038
2.117466 1948.629 0.3823664
2.169364 1764.195 0.299404
2.237647 1512.104 0.3236904
2.270965 310.134 0.9857875
2.305963 931.4777 0.4977849
2.312104 2624.287 0.5348645
2.35617 427.9972 0.5309044
2.363088 1508.818 0.597675
2.365583 973.6777 0.6801289
2.370032 1208.351 0.0002634038
2.37401 70.95728 0.9994308
2.381629 724.0372 0.7323128
2.427967 2516.436 0.1170757
2.453083 1927.538 0.1213568
2.461796 2025.734 0.6694196
2.505373 2236.895 0.1091397
2.533858 1203.456 0.4288254
2.538812 351.6625 0.5657934
2.566139 2503.843 0.5423928
2.574827 997.4028 0.7851235
2.579629 307.4261 0.6065184
2.599735 2722.24 0.7296816
2.623198 1613.671 0.4641164
2.634233 2943.518 0.0002634038
2.641784 253.1936 0.8312408
2.670151 657.1137 0.5903724
2.725606 309.7262 0.9405561
2.76123 1884.378 0.4632004
2.777119 141.4777 0.9505216
2.787683 791.927 0.36061
2.815261 2126.736 0.7099539
2.842842 139.5832 0.8139866
2.844727 2146.65 0.09539912
2.846009 418.9413 0.6685459
2.880011 1044.469 0.4786491
2.903938 1640.363 0.05260227
2.968229 2122.41 0.9300808
2.974362 1184.734 0.6220219
3.011835 2181.875 0.2801287
3.04163 2345.171 0.4031281
3.044629 1460.926 0.4434917
3.045003 2017.572 0.01663551
3.046221 725.9246 0.2970723
3.051542 197.8271 0.8066635
3.055646 140.5311 0.9422952
3.059405 57.00821 0.9123211
3.06111 2403.119 0.6332998
3.065665 2685.206 0.3566037
3.090244 814.2646 0.8120312
3.097906 2097.169 0.08427095
3.110201 150.6592 0.7705125
3.110296 562.9199 0.7528292
3.112921 2685.206 0.3549619
3.130952 120.6541 0.8895225
3.131112 822.1573 0.9934795
3.141406 2596.035 0.4604766
3.145778 408.9326 0.9665519
3.162573 1486.757 0.379264
3.188958 2685.206 0.3230364
3.210699 2685.206 0.3246932
3.21238 116.089 0.8658601
3.216146 170.1414 0.8161219
3.216759 115.9754 0.8433248
3.222968 61.12759 0.8530462
3.238739 36.65483 0.8792066
3.243042 1877.17 0.3485449
3.257047 125.037 0.6874288
3.275733 888.081 0.1739931
3.28535 684.8379 0.8202715
3.287885 1447.72 0.02348323
3.293172 2033.739 0.05049189
3.324477 69.8196 0.8999446
3.325484 1398.086 0.1931509
3.329253 2685.206 0.2776187
3.352919 154.003 0.9269228
3.353669 461.0793 0.7671944
3.354792 218.8165 0.6514479
3.355443 2685.206 0.2690098
3.367461 115.8532 0.8605141
3.369206 257.6958 0.7712714
3.370521 116.3479 0.8758382
3.397447 2445.777 0.1727658
3.40231 1704.837 0.5030148
3.407099 1486.967 0.5891127
3.425037 2281.412 0.02941598
3.427041 116.1622 0.8855725
3.441592 2113.527 0.5825357
3.441818 1816.846 0.803268
3.464446 1448.836 0.2236261
3.468677 143.7046 0.8391862
3.47132 364.5361 0.5935174
3.481692 1737.49 0.7319372
3.496822 121.0028 0.6829595
3.503939 735.1799 0.3457782
3.515825 974.11 0.6687022
3.516959 197.2849 0.5504771
3.523414 961.5767 0.6287748
3.529398 262.2076 0.5284383
3.529612 764.9852 0.1215389
3.535532 617.2285 0.8729984
3.547944 133.3191 0.9530548
3.604823 104.4557 0.8932728
3.628331 1856.63 0.2682433
3.636626 116.0152 0.8844104
3.638124 378.1438 0.3672292
3.661247 984.216 0.6501563
3.671488 1038.724 0.7549041
3.674327 310.8522 0.6947651
3.684491 548.7891 0.9994308
3.68831 187.992 0.5001551
3.693217 71.36156 0.9108619
3.695532 1496.353 0.6622138
3.711846 1131.992 0.5896412
3.731295 228.1227 0.74549
3.739422 176.1653 0.8491526
3.754687 260.8731 0.6775423
3.778198 1557.823 0.5271851
3.817267 1370.773 0.08435528
3.833165 225.5314 0.662971
3.847128 276.9063 0.6139929
3.850722 645.5049 0.4230867
3.862943 50.485 0.9309336
3.872379 96.58285 0.5455794
3.881844 1930.683 0.2660227
3.908183 1893.34 0.04996903
3.929742 771.9422 0.4272406
3.94496 1276.224 0.8069469
3.967949 50.485 0.9280758
3.973514 96.2451 0.806856
3.976904 2403.02 0.5927058
3.978217 258.5751 0.6660282
3.979658 2535.054 0.538246
4.000967 50.485 0.9220742
4.017638 50.485 0.9058709
4.022669 1740.423 0.07847348
4.033116 2073.228 0.5820699
4.036689 1533.083 0.0002634038
4.046962 50.485 0.9130401
4.085355 749.411 0.9496364
4.108965 308.8655 0.5649041
4.110075 218.1593 0.8274054
4.121825 1585.812 0.5228226
4.149378 2049.034 0.3486615
4.175533 613.1374 0.5699806
4.182681 698.7588 0.5085655
4.190378 246.0405 0.6433878
4.201442 639.8721 0.8441845
4.20883 428.8314 0.855391
4.2216 50.485 0.9135674
4.23821 2134.478 0.2988544
4.246926 2959.092 0.1740189
4.281567 1573.141 0.3781977
4.32109 1482.093 0.4737751
4.345992 961.7809 0.5098541
4.365456 2453.801 0.4168128
4.371386 1362.425 0.1961873
4.388071 786.8197 0.3313326
4.400578 1631.928 0.5543057
4.502046 1947.107 0.0002634038
4.513549 424.7962 0.5655652
4.517943 1250.933 0.1693568
4.544377 1044.742 0.4362707
4.562286 2333.037 0.0002634038
4.569227 1425.821 0.10017
4.61574 1191.408 0.06155017
4.716382 261.3132 0.7207911
4.813456 892.8918 0.77437
4.818678 220.9848 0.3529215
4.851855 916.9268 0.097261
4.861409 393.9996 0.9101193
4.882344 1551.648 0.0002634038
4.901168 1907.863 0.2963433
4.912363 205.869 0.9994308
4.937297 1002.801 0.2367013
4.983684 1055.058 0.4173958
5.000439 171.3725 0.6755506
5.010277 1622.386 0.1220778
5.01964 1542.987 0.04851421
5.060158 1749.933 0.0002634038
5.108728 582.61 0.1553794
5.213342 712.5267 0.1366447
5.289789 1453.391 0.212467
5.401407 558.0672 0.3325402
5.415237 828.765 0.2137208
5.495085 144.4628 0.6066658
5.495867 1603.203 0.05484243
5.512521 510.225 0.0568851
5.566726 1525.72 0.3996209
5.666027 1431.125 0.009715596
5.674102 186.7661 0.4690774
5.710421 2181.39 0.2082119
5.721326 1393.712 0.03167421
5.735024 96.83857 0.8543191
5.735024 99.41576 0.8732113
5.735024 104.0552 0.9341358
5.735024 125.0741 0.6511905
5.735024 130.1052 0.7970509
5.735024 134.7632 0.655314
5.754565 395.8568 0.9032462
5.754888 1117.399 0.4022416
5.83393 461.2664 0.5116759
5.89027 1580.422 0.0002634038
5.925922 825.4353 0.4964813
6.120756 652.8742 0.0002634038
6.172992 194.2747 0.6017796
6.193769 313.2434 0.7324957
6.313464 414.7856 0.5747254
6.436684 917.1085 0.8424634
6.438404 880.2392 0.2659004
6.630639 283.7881 0.08936646
6.787433 590.5584 0.6897666
6.900129 377.716 0.0002634038
7.021364 370.1055 0.1904753
7.069718 560.1352 0.7760228
7.483914 872.7157 0.1904835
7.526079 671.9015 0.3750687
7.572377 164.2934 0.8655915
7.662657 1655.759 0.0002634038
8.010116 131.3482 0.3081729
9.482519 111.0933 0.7660452
# initCovFnParam= 2.75488154897781 224.531343486436 2.95092070565072 4
