## Fri May 28 16:08:16 2021; Sample: 1; # of loci: 1; NrunsPerPoint=30;
## pointmin=1  pointmax=100 out of PointNumber=100
1.420106 915.041 0.401341 498.47476 498.47476 
1.729602 555.1961 0.5002877 495.65567 495.65567 
2.21182 840.4184 0.565055 493.29788 493.29788 
2.25881 738.4661 0.601994 493.31061 493.31061 
2.264865 1323.113 0.4058996 493.03796 493.03796 
2.264865 1327.133 0.4065544 493.28635 493.28635 
2.264865 1329.577 0.4351407 493.26062 493.26062 
2.264865 1377.952 0.4292609 493.21976 493.21976 
2.264865 1382.75 0.4430589 493.35641 493.35641 
2.264865 1387.646 0.4450497 493.37903 493.37903 
2.264865 1387.646 0.4450497 493.35284 493.35284 
2.264965 518.105 0.4897048 493.12408 493.12408 
2.309495 819.5412 0.1625355 494.15952 494.15952 
2.366804 310.1437 0.6042478 492.84192 492.84192 
2.410983 1085.47 0.5586124 493.15656 493.15656 
2.436859 739.7432 0.5365396 492.75058 492.75058 
2.45362 1064.922 0.3505518 492.78558 492.78558 
2.453972 765.4391 0.3112932 493.28824 493.28824 
2.46454 1200.929 0.3782129 492.88565 492.88565 
2.488276 181.6486 0.7233199 492.73044 492.73044 
2.503847 268.0894 0.6818361 492.3761 492.3761 
2.503847 268.0894 0.6818361 492.21176 492.21176 
2.515499 1028.186 0.3974687 492.60406 492.60406 
2.544548 1415.923 0.4353537 492.87317 492.87317 
2.547113 1112.151 0.5552179 493.05298 493.05298 
2.550471 723.2452 0.2111836 493.49075 493.49075 
2.586701 181.6486 0.6860606 492.45081 492.45081 
2.649221 181.6486 0.7577491 492.216 492.216 
2.671418 333.163 0.6835217 492.34299 492.34299 
2.678291 1078.102 0.6375759 493.39758 493.39758 
2.705317 1073.218 0.317054 492.42883 492.42883 
2.706464 181.6486 0.7401934 492.13586 492.13586 
2.706464 181.6486 0.7401934 492.00522 492.00522 
2.760853 181.6486 0.7382473 492.10931 492.10931 
2.829848 181.6486 0.7311625 491.89749 491.89749 
2.894815 501.9039 0.7125017 492.71872 492.71872 
2.912805 757.0801 0.6784939 493.0636 493.0636 
2.926862 1341.541 0.3963793 492.54831 492.54831 
2.929671 712.3562 0.6835591 492.98816 492.98816 
2.935545 562.2604 0.6630285 492.71115 492.71115 
2.984606 421.0593 0.6239862 492.08649 492.08649 
3.034019 946.2731 0.3197487 492.53339 492.53339 
3.055123 913.2824 0.6260636 493.04681 493.04681 
3.055123 913.2824 0.6260636 493.08313 493.08313 
3.06203 1157.608 0.6109514 493.30768 493.30768 
3.080796 1590.426 0.4200175 492.94321 492.94321 
3.081065 920.6369 0.2037616 492.67224 492.67224 
3.111486 935.6855 0.5664229 492.78983 492.78983 
3.116278 1604.66 0.418441 492.86713 492.86713 
3.154871 339.3799 0.6993218 492.17633 492.17633 
3.154935 927.7854 0.3660377 492.5271 492.5271 
3.17181 823.5308 0.3295271 492.63297 492.63297 
3.172398 1493.426 0.3859278 492.71545 492.71545 
3.183551 1584.46 0.4323588 492.9635 492.9635 
3.183551 1584.46 0.4323588 492.98566 492.98566 
3.228697 604.9749 0.6090922 492.57498 492.57498 
3.237742 911.8698 0.5727501 492.9314 492.9314 
3.267188 271.1839 0.6695013 492.0242 492.0242 
3.26819 1602.162 0.4592993 493.13812 493.13812 
3.270331 285.0761 0.6490108 491.85986 491.85986 
3.288277 1634.464 0.4969703 493.34293 493.34293 
3.297649 774.7582 0.4669744 492.51779 492.51779 
3.310199 1033.755 0.4198029 492.46796 492.46796 
3.329579 936.3279 0.3786301 492.57358 492.57358 
3.329865 1575.858 0.466992 493.26355 493.26355 
3.329865 1575.858 0.466992 493.29016 493.29016 
3.331144 727.6562 0.4526562 492.66248 492.66248 
3.337254 1692.554 0.4986213 493.44519 493.44519 
3.337662 1692.554 0.5020896 493.51907 493.51907 
3.339479 1692.554 0.5073068 493.55515 493.55515 
3.342426 1692.554 0.5070607 493.56204 493.56204 
3.344175 1692.554 0.5072068 493.47269 493.47269 
3.349142 333.2487 0.6900711 492.23752 492.23752 
3.350664 1692.554 0.5034288 493.47485 493.47485 
3.35421 345.1574 0.647887 492.19925 492.19925 
3.410489 366.0268 0.6882048 492.41397 492.41397 
3.410489 366.0268 0.6882048 492.26849 492.26849 
3.4223 309.356 0.2912474 493.59116 493.59116 
3.438601 1051.197 0.2230101 492.65829 492.65829 
3.461262 1624.634 0.5115472 493.63568 493.63568 
3.470933 373.7146 0.6672763 492.46533 492.46533 
3.483132 1601.036 0.4884444 493.47809 493.47809 
3.551678 1606.461 0.4894919 493.46436 493.46436 
3.609815 448.9589 0.6377633 492.49301 492.49301 
3.61401 1411.19 0.3576697 493.05038 493.05038 
3.657523 796.2332 0.127568 493.32727 493.32727 
3.764233 1359.798 0.3156021 492.99557 492.99557 
3.764233 1359.798 0.3156021 493.11371 493.11371 
3.783106 1482.881 0.2803474 493.13577 493.13577 
3.80354 903.0655 0.4269812 493.09631 493.09631 
3.80354 923.6636 0.4163508 493.1662 493.1662 
3.80354 1381.905 0.294546 493.23044 493.23044 
3.80354 1538.295 0.4952401 493.90115 493.90115 
3.80354 1546.215 0.4925824 493.81055 493.81055 
3.80354 1566.819 0.5153198 494.00967 494.00967 
3.818505 1132.097 0.6272887 494.15286 494.15286 
3.876705 1604.869 0.3396979 493.35837 493.35837 
4.12171 686.5378 0.6421172 493.98685 493.98685 
4.12171 686.5378 0.6421172 493.95673 493.95673 
4.190116 1427.254 0.4904589 494.49854 494.49854 
4.224521 989.9997 0.559085 494.23663 494.23663 
4.267778 1719.009 0.2210409 493.69049 493.69049 
4.327354 583.0122 0.6828124 494.09439 494.09439 
4.376059 1859.607 0.1326685 493.85495 493.85495 
4.390808 1275.335 0.5875272 495.0527 495.0527 
4.572938 1043.822 0.5562988 494.95593 494.95593 
4.738769 452.7979 0.6178287 494.27945 494.27945 
4.88213 751.7549 0.5381594 494.78192 494.78192 
4.923656 1373.983 0.4395414 495.37933 495.37933 
4.923656 1373.983 0.4395414 495.43039 495.43039 
