1.530868 1439.272 0.8304254
1.543061 777.0894 0.9305394
1.584452 21910.97 3.697948e-06
1.58963 1320.44 0.8995439
1.595803 428.143 0.4243846
1.644244 304.8829 0.8979995
1.730411 626800.1 0.5865785
1.745342 73.13111 0.936182
1.779806 247129.9 0.6589839
1.797119 19222.04 0.7481239
1.836426 909673 3.697948e-06
1.842729 157.8714 0.9351152
1.84452 793.9144 0.4709003
1.895478 310.0818 0.4742064
1.965584 85.70403 0.8662583
1.970049 72.50368 0.8971786
1.986499 78.21382 0.8083557
1.987559 1003.656 0.5268666
1.99759 1053.417 0.5892881
2.023938 363.8278 0.6794609
2.0266 429.2689 0.8998791
2.045462 153.9665 0.8079922
2.045462 195.1506 0.7247671
2.045462 196.3952 0.7537737
2.045462 242.5497 0.7757783
2.045462 276.0448 0.7431037
2.045462 838.4575 0.494382
2.090332 16433.18 0.9126506
2.096453 273896.3 0.4700493
2.102061 719559.2 0.4203065
2.120679 141.8065 0.9088611
2.122798 2913.393 0.3896699
2.144924 946.2396 0.6088305
2.184653 1780.102 0.3031965
2.185804 91.14774 0.8588681
2.195534 53.93185 0.8928132
2.197795 393.5654 0.8811804
2.200655 1876.237 0.4063525
2.233818 259.7099 0.5995893
2.236519 128.7572 0.7486448
2.244068 1625302 0.4655559
2.26043 582.9196 0.841679
2.266399 126.7156 0.8767857
2.285985 385.8001 0.9274438
2.286759 565.533 0.9193117
2.300242 153.8519 0.955702
2.306916 21817.14 0.7703357
2.30827 195.3674 0.4547488
2.313704 474.1358 0.9169243
2.316025 963.0775 0.6448447
2.324006 2845.039 0.2208623
2.34855 412.9546 0.9113245
2.356434 603.3538 0.5185659
2.371119 168.3723 0.9518706
2.427877 168.1622 0.9486612
2.429604 6642.305 0.0908093
2.438715 229.3343 0.9072912
2.456246 12894.22 0.004584003
2.481732 2165.259 0.6008
2.506568 104.7518 0.834215
2.507303 4536.601 0.3643819
2.523897 12894.22 0.1233844
2.524303 12894.22 0.1125125
2.540163 149.5256 0.9126946
2.541743 265.0725 0.7371892
2.61732 167.4284 0.8522936
2.618494 796.2709 0.746942
2.619362 1641970 0.9802834
2.622539 1048.401 0.6393615
2.666421 700.5278 0.09138828
2.700592 518.6191 0.6958006
2.700975 317957.7 0.9172245
2.708453 6146.915 0.1703631
2.713524 98.66596 0.8375003
2.731189 1849.476 0.6344313
2.744754 19006.99 0.8288198
2.748145 287542.7 0.5506536
2.767414 355.8062 0.8565857
2.769941 10639.25 0.3401373
2.77097 169.3019 0.7847653
2.777701 954.7069 0.7581248
2.779302 100.5476 0.6602303
2.792145 12894.22 0.1253449
2.806014 77258.82 0.3660229
2.815143 496.9764 0.8402693
2.839685 328.6133 0.5371769
2.846417 187.1246 0.8157591
2.858297 675.746 0.6688144
2.885276 10822.21 0.8232706
2.898756 117.5128 0.7270585
2.903254 338.0821 0.8236624
2.90903 86.13693 0.900796
2.918672 603.473 0.6985766
2.924522 2614.937 0.682663
2.96551 183.6326 0.6566303
2.983043 12894.22 0.0159487
2.986917 326.9303 0.6059709
2.990558 68.67539 0.8190862
2.99374 596.8999 0.5215881
2.996106 133341.2 0.9386827
3.006908 219.9648 0.6329897
3.021399 1064.217 0.5201206
3.022648 317.0298 0.598065
3.024968 307.7094 0.5989188
3.026229 228.4437 0.3947547
3.04285 64.26641 0.8539033
3.051223 649.3628 0.7972004
3.094365 29215.92 0.8694652
3.109323 280.2206 0.6950772
3.118465 193.6078 0.6857227
3.120633 298.0651 0.6108308
3.124046 560.1964 0.4016561
3.125147 104.6149 0.5623986
3.134457 57320.15 0.9329787
3.181991 778.168 0.7325836
3.210598 12894.22 0.05360168
3.219759 225.6817 0.6029558
3.22809 585.48 0.6294196
3.232086 331.3142 0.6874191
3.250214 170.2889 0.6082413
3.262683 98.10112 0.8384656
3.271166 43.31529 0.6349994
3.279238 117.4964 0.8092246
3.2879 126.3973 0.69722
3.321786 163.5331 0.7193799
3.322028 163.5266 0.7194123
3.323383 163.4935 0.7194877
3.32573 118.4797 0.8525824
3.325929 163.4588 0.7195036
3.331144 163.3653 0.7195679
3.331912 163.3561 0.7195609
3.350078 107.3772 0.7802297
3.35369 4319.649 0.8618824
3.380738 1932.925 0.01481938
3.401291 176.837 0.8029312
3.418622 282.3194 0.505416
3.42687 2117.012 0.359142
3.437859 286.8227 0.644372
3.438569 53.36576 0.9365226
3.458382 100.7252 0.8895159
3.479552 272.1688 0.1375364
3.500445 72.31995 0.9536496
3.512258 365.7688 0.3288775
3.513823 953.1464 0.1488178
3.515552 1607.042 0.3536798
3.527449 52.81232 0.8863425
3.534503 114.6588 0.7057156
3.556542 52.81232 0.8634202
3.56008 99712.56 0.2384835
3.562019 52.81232 0.8893708
3.573582 108970.5 0.8434766
3.616861 459.2325 0.1947969
3.631493 318.7727 0.4362099
3.671969 216.0637 0.4936141
3.687689 273.3962 0.5998584
3.707199 165.3008 0.8907487
3.720777 52.81232 0.8483096
3.72716 302.6734 0.7142648
3.737598 254.1166 0.8433288
3.747406 1546.352 0.6833623
3.751974 184.7634 0.8676027
3.765495 219.1811 0.9270538
3.769119 2207.216 0.3190666
3.798926 56759.62 3.697948e-06
3.809467 672.1337 0.6328668
3.812065 52.81232 0.8650311
3.825668 240.0476 0.5003861
3.844033 38.43564 0.8905799
3.869376 255.9641 0.9271168
3.891322 5551.656 0.7484374
3.900295 323.4589 0.5116373
3.906384 5863.489 0.1517853
3.929534 1383.955 0.5588557
3.935081 1424.205 0.02218367
3.935386 367.1169 0.8055252
3.93879 314.8817 0.5738515
3.948895 855.5992 0.7530998
4.038927 52.81232 0.8841916
4.055659 257.6032 0.4535523
4.068545 731.6426 0.09072301
4.128833 6449.621 0.8109128
4.13724 155.2597 0.7678817
4.137814 117.7676 0.8232951
4.144868 192.5013 0.8161569
4.150391 452.7807 0.08134098
4.199282 201.1025 0.7929093
4.224549 68.20872 0.8598082
4.269979 315.6868 0.6981861
4.274536 186.1325 0.8505519
4.291364 71.76028 0.891969
4.308313 140.7989 0.9146177
4.349923 2515.11 0.7092891
4.379399 1888.055 0.0588477
4.391093 6081.334 0.09819076
4.42374 1278.852 0.8200269
4.479461 14022.86 3.697948e-06
4.48743 455.3562 0.8382081
4.529173 194.7072 0.7568583
4.619559 810.4788 0.1703594
4.702525 164.452 0.3699305
4.880196 285.245 0.2727368
4.948799 49.55637 0.6844588
4.965756 921.1336 3.697948e-06
5.041049 1100.257 0.2080925
5.089103 76.3822 0.6173093
5.117645 1989.164 3.697948e-06
5.119608 73.59077 0.3637194
5.138311 148.5606 0.803429
5.180814 186.1452 0.7677757
5.183064 259.1306 0.8453433
5.347189 320.6653 0.9227037
5.363431 90.49907 0.4703921
5.374671 1066.497 0.08054391
5.416591 532.4026 0.09209725
5.434862 746.94 0.3169602
5.514589 95.03352 0.9111565
5.568171 648.3379 3.697948e-06
5.625734 8594.672 0.4815018
5.637289 94.90381 0.9035544
5.651531 147.506 0.5407228
5.811492 246.9374 0.3262836
5.827631 298.1291 0.2693973
5.890955 393.2294 0.572309
5.987258 70.19283 0.8140912
6.015534 278.4351 0.1041655
6.168307 3586.599 0.8460342
6.187836 200.1244 0.1047463
6.387882 319.8989 0.1311221
6.439565 100.1176 0.7180608
6.492713 231.1297 0.5280781
6.614257 245.7903 0.6817633
6.731063 1401.23 0.1088405
6.859446 1152.105 3.697948e-06
6.936342 258.9522 0.7569518
6.97097 203.9937 0.01540858
7.498828 1591.249 0.413168
7.673468 3286.986 0.6036343
7.677579 149.456 0.8915833
7.684833 89.00358 0.5352015
7.769029 96.34756 0.4257666
7.853813 224.3185 0.1910703
7.853813 259.2205 0.09488182
7.853813 268.707 0.02464169
7.853813 279.8402 0.05631441
7.853813 283.0446 0.04092796
7.853813 297.2092 0.02071547
8.230369 514.9719 0.2896685
9.036255 143.8986 0.4164044
10.00354 702.5332 0.0676183
11.88741 184.633 3.697948e-06
# initCovFnParam= 1.88262240899094 2.65143268163014 3.85442570885113 4
