1.424882 217.511 0.9008644
1.474713 3030.342 0.5540378
1.570562 38249.41 0.164903
1.593173 78.01999 0.9436707
1.673982 1442.268 0.2685807
1.677692 177.986 0.8953068
1.685497 24514.11 0.9482264
1.702455 358742.4 1.84898e-06
1.712893 99654.93 1.84898e-06
1.74655 4510.844 0.8433595
1.750411 45151.88 0.9345442
1.769676 447.4735 0.3642633
1.774922 252995.7 0.8212487
1.779843 33463.74 0.8395548
1.816805 143988 0.4414636
1.819713 77089.28 0.9100483
1.820608 66365.41 0.8859702
1.824229 101.5182 0.9088234
1.8345 26141.27 0.632944
1.840689 226633.4 0.4424885
1.842514 31822.86 0.8658905
1.860232 162.7438 0.7023089
1.874067 10598.71 0.03812709
1.885482 655.1868 0.5653307
1.933393 577.2329 0.7058075
1.944391 4495.62 0.96853
1.95861 251.5708 0.6596532
1.961234 249.917 0.4863798
1.963534 383.9779 0.9061364
1.975151 445433.5 0.9538376
1.99354 38447 1.84898e-06
1.994869 852.7352 0.6952328
2.029771 655.8444 0.7456154
2.031859 369.4492 0.8704283
2.034672 34656.7 1.84898e-06
2.039405 213.7837 0.8763348
2.045417 233.856 0.7625331
2.045417 234.5846 0.7349578
2.045417 277.718 0.6925018
2.045417 393.0353 0.6783829
2.045417 398.2354 0.5924386
2.045417 511.0878 0.5901264
2.116649 87.03964 0.7893409
2.124982 124.5942 0.606248
2.143914 59.65068 0.9411554
2.148582 283.6337 0.7474842
2.15163 355.7743 0.5566342
2.159143 66.65264 0.9089185
2.162981 4487.932 0.9514072
2.208709 181.7653 0.8039763
2.230323 213.8836 0.9160288
2.260957 106.4907 0.9245714
2.27195 2347.605 0.2608745
2.290576 84.87129 0.8368659
2.294674 3134.078 0.02198758
2.306883 139.6755 0.8493314
2.314182 258866.6 0.9742585
2.319619 103.6644 0.928402
2.341005 69.56755 0.7693807
2.359462 275.4998 0.9310959
2.369683 861.3848 0.9736897
2.371071 305424.3 0.466249
2.372131 656.0441 0.7393159
2.389026 2754.348 0.324577
2.436357 1275.192 0.1447829
2.456464 33519.83 0.5838791
2.458694 9024.99 0.03111555
2.469985 483396.1 0.4102359
2.489433 123994.2 0.02658644
2.556385 150.3224 0.7489307
2.568117 8294.002 0.9729402
2.572616 9024.99 0.09368479
2.584821 312.2893 0.7859042
2.592183 380.2106 0.7930965
2.595221 3283940 0.9354072
2.599721 1255.007 0.8314146
2.60312 9024.99 0.05677464
2.610577 373.2414 0.7976314
2.623453 407.3241 0.8083821
2.640705 9024.99 0.009986186
2.647483 8414.947 0.1203102
2.657645 220.3579 0.7757007
2.675895 53464.34 1.84898e-06
2.705354 693.1484 0.0124766
2.710203 2921.759 0.07041314
2.715843 152.5625 0.7951006
2.724072 65.64324 0.8608986
2.727553 61327.66 0.890372
2.756385 9024.99 0.03521992
2.778956 103762.4 0.9755699
2.785179 9024.99 0.0693242
2.789045 223.4753 0.7586973
2.79571 144.9331 0.7674995
2.820669 59.69626 0.9575265
2.831263 1437.185 0.2129582
2.849304 187.7077 0.9336928
2.855848 265.0302 0.7975379
2.857075 1145643 0.8061357
2.863332 193.4599 0.9509004
2.874756 696.719 0.3623725
2.882544 51.49832 0.7014176
2.901798 312.1881 0.9484093
2.902161 45.11744 0.938128
2.92143 192230.1 0.5344706
2.936562 192.1206 0.4660365
2.94931 373.6479 0.8142195
2.960734 26805.28 0.6628305
2.965574 1348.775 1.84898e-06
2.968655 128.0703 0.9423216
2.976521 3093.073 0.3901566
2.97771 362.8769 0.8752073
2.981548 50.3234 0.8486681
2.982463 65.33198 0.8053613
2.987716 3002.496 0.01495874
3.02682 1907.121 0.1084805
3.043718 34379.07 0.1113938
3.048426 198.8558 0.6669202
3.080804 155.8671 0.679405
3.101179 303.9986 0.6880294
3.107473 62.40749 0.9007713
3.110453 80316.73 0.7059074
3.110899 1139.846 0.4697693
3.116262 462.241 0.6414953
3.117958 668.9689 0.9258076
3.119123 3492.059 0.08758498
3.129575 255.1345 0.705713
3.153625 265.347 0.8193844
3.188862 419.8428 0.6397461
3.19375 1589.895 0.4332307
3.213105 44.79927 0.9238564
3.225523 1262.077 0.1851713
3.225649 776.9521 0.7596251
3.233885 55686.65 0.9683527
3.236122 152.283 0.7276026
3.263308 2027.086 0.3068183
3.268873 2195.063 0.05728023
3.268922 49.11261 0.8426606
3.290906 394.2636 0.9042784
3.303336 367.4494 0.9405319
3.314218 163.8381 0.7200437
3.314439 54.65088 0.6874068
3.31544 163.8099 0.7200265
3.316501 163.7996 0.7199753
3.32177 163.571 0.7196106
3.32196 770.4761 0.3728361
3.324129 163.5798 0.7196247
3.326271 163.524 0.7195408
3.355626 497.6268 0.7707112
3.356544 2354.862 0.2749103
3.383169 52.76618 0.899594
3.398445 1568.489 0.07113987
3.403238 346.6741 0.909732
3.403749 321.5341 0.6934523
3.404701 165.7736 0.6505696
3.428471 80.45472 0.7735573
3.428482 576.4586 0.1792408
3.435396 17246.34 0.964693
3.446433 464.2773 0.6824756
3.44996 6263.787 0.07008153
3.463038 1672.841 0.5987013
3.46571 260.8602 0.8785402
3.504625 87.62035 0.7340054
3.50668 4774.664 0.2198964
3.516787 380.6441 0.3976479
3.536866 61.26535 0.6793789
3.54307 74.46675 0.9262759
3.543071 525.8864 0.400864
3.551318 3119.849 0.360922
3.560597 347.4038 0.8048768
3.571836 1322.431 0.07221025
3.586278 475.9556 0.938861
3.591668 253.4183 0.5681376
3.592781 96273.9 0.5865913
3.604179 686.5084 0.2901009
3.622733 475.7876 0.2186465
3.64561 680.4451 0.7598382
3.651682 148.8821 0.8042601
3.669573 120.3364 0.7481059
3.677313 28310.61 0.7890329
3.685255 2586.376 0.3928034
3.69102 339.8461 0.02847075
3.691294 34.70818 0.8151772
3.717842 52.76618 0.8626715
3.753745 220.2132 0.4787712
3.836736 396.8934 0.3139323
3.890119 315.5579 0.9373164
3.91085 100.8863 0.7161055
3.995861 5652.986 0.2426463
4.021656 252.8812 0.6128863
4.02928 50.34131 0.9074046
4.041977 32348.79 0.9525128
4.044664 311.4709 0.5106347
4.046295 52.76618 0.8659014
4.055355 764.8298 0.9390371
4.085473 52.76618 0.8519604
4.100497 59.13452 0.8364203
4.125161 109.052 0.4381087
4.149839 406.4375 0.892206
4.161478 792.6993 0.7620311
4.196374 294.7825 0.9324302
4.198707 52.76618 0.8455505
4.223163 128.1448 0.6068058
4.234463 2778.394 0.03039832
4.315753 219.5093 0.3990472
4.391254 52.76618 0.8401172
4.477557 2116.454 0.9420607
4.569285 1140.004 0.8023176
4.605627 80.61781 0.5675789
4.617693 169.35 0.3301598
4.666235 124.5298 0.1921443
4.71002 398.8206 0.1237557
4.83802 56.71901 0.8557432
4.915622 17824.38 1.84898e-06
4.936499 1038.677 0.04905132
5.17087 204.4506 0.3774671
5.247563 297.5327 0.2831223
5.403813 158.8672 0.9031159
5.464356 284.6064 0.8096635
5.511507 415.4037 0.6744477
5.682331 386.532 0.1367095
5.697264 295.4459 0.06546047
5.750086 116.8433 0.840716
5.767518 62.36303 0.8313407
5.912831 90.50936 0.7956459
5.993966 203.5385 0.7494887
5.996255 42.35862 0.9101493
6.040168 2348.826 0.09254509
6.052028 4191.603 0.3582142
6.647133 334.9147 0.4716616
6.69914 3510.614 0.8540478
6.940657 49.21888 0.3097838
7.01512 69.0318 0.6079067
7.255589 392.4914 0.1547914
7.299321 1530.804 0.3520047
7.337955 85.67952 0.6446245
7.40991 99.94401 0.872385
7.458793 54.12233 0.8415373
7.616526 97.61646 0.2714701
7.768002 238.7531 0.09237584
7.768002 253.1715 0.03761428
7.768002 260.1418 0.1155509
7.768002 266.5602 0.01468469
7.768002 291.7712 0.05250153
7.768002 304.0989 0.03290893
7.955062 273.3189 0.789981
8.014986 397.8483 0.2793235
8.563604 353.3504 1.84898e-06
9.054538 63.23733 0.4750431
10.76051 200.6516 1.84898e-06
13.80173 223.9204 1.84898e-06
# initCovFnParam= 1.84525892617068 2.59502654611925 3.95541144296945 4
