## Wed Jun  2 22:23:14 2021; Sample: 1; # of loci: 1; NrunsPerPoint=30;
## pointmin=1  pointmax=100 out of PointNumber=100
1.323071 217.7676 0.8177356 499.06232 499.06232 
1.577152 68.18198 0.8582539 498.16916 498.16916 
1.674215 103.227 0.9511784 496.00067 496.00067 
1.699679 82.85227 0.9091763 496.22809 496.22809 
1.776814 627.3888 0.851352 495.78448 495.78448 
1.786625 575.242 0.8694123 495.86053 495.86053 
1.840039 1023.488 0.4937891 494.32254 494.32254 
1.86241 53.85139 0.9511784 496.6843 496.6843 
1.899712 900.6316 0.8962918 495.76514 495.76514 
1.989841 829.4144 0.8718548 495.28891 495.28891 
1.989841 829.4144 0.8718548 495.28598 495.28598 
2.001505 1231.226 0.7043008 494.66623 494.66623 
2.061405 246.216 0.8483183 493.73929 493.73929 
2.061405 271.0241 0.8304552 493.55463 493.55463 
2.061405 273.9684 0.8291928 493.54706 493.54706 
2.061405 339.2974 0.802932 493.61566 493.61566 
2.061405 344.1169 0.7961237 493.62799 493.62799 
2.061405 381.4839 0.7879648 493.78952 493.78952 
2.201374 878.9099 0.8286934 494.59427 494.59427 
2.299216 523.4666 0.6642003 492.87616 492.87616 
2.301072 328.8487 0.9038178 493.72675 493.72675 
2.301072 328.8487 0.9038178 493.6066 493.6066 
2.381541 206.8646 0.8609087 492.53641 492.53641 
2.420188 145.2604 0.8660246 492.44901 492.44901 
2.457824 745.4529 0.8361705 494.11847 494.11847 
2.4639 155.4509 0.8371395 491.92203 491.92203 
2.471267 595.9992 0.7776939 493.35797 493.35797 
2.478383 896.3378 0.8688321 494.50458 494.50458 
2.529502 1966.076 0.3845137 492.59537 492.59537 
2.529546 2748.406 0.7435647 494.83545 494.83545 
2.606295 61.04626 0.9317678 493.61121 493.61121 
2.751768 684.9485 0.8083834 493.72571 493.72571 
2.751768 684.9485 0.8083834 493.69214 493.69214 
2.880825 1392.323 0.339986 492.04291 492.04291 
2.916685 1791.906 0.05090013 491.7067 491.7067 
2.941478 1690.256 0.06022606 491.67285 491.67285 
2.944855 280.6769 0.7163977 491.68402 491.68402 
2.999653 309.9018 0.5192732 491.52161 491.52161 
3.025436 987.9072 0.1509993 491.72089 491.72089 
3.035927 508.4412 0.4111654 491.63229 491.63229 
3.059333 916.6086 0.6564896 492.88171 492.88171 
3.181164 530.2298 0.7197874 492.66888 492.66888 
3.272717 1313.772 0.03842653 491.64856 491.64856 
3.272717 1313.772 0.03842653 491.76147 491.76147 
3.291832 983.8678 0.1746829 491.4769 491.4769 
3.301798 1435.587 0.09879036 491.74921 491.74921 
3.439995 377.8991 0.2488271 491.82431 491.82431 
3.456474 984.0999 0.07448012 491.71561 491.71561 
3.47633 777.347 0.146489 491.60269 491.60269 
3.529283 994.2199 0.04294279 491.58914 491.58914 
3.534678 931.778 0.1167791 491.71829 491.71829 
3.610799 66.45283 0.8245479 492.58466 492.58466 
3.622973 370.7927 0.7765814 492.84079 492.84079 
3.642072 182.2478 0.6080971 491.49429 491.49429 
3.642072 182.2478 0.6080971 491.40256 491.40256 
3.661413 629.703 0.1266878 491.73154 491.73154 
3.695171 236.9933 0.3424174 492.03445 492.03445 
3.696483 490.8396 0.5392424 491.89499 491.89499 
3.770731 412.5945 0.1556513 491.99054 491.99054 
3.849109 796.5198 0.07704408 491.5354 491.5354 
3.915797 55.91784 0.7998798 493.11826 493.11826 
3.917256 151.5605 0.5733108 491.65613 491.65613 
3.998614 55.91784 0.7924594 493.10556 493.10556 
4.047347 58.21661 0.7216684 493.5173 493.5173 
4.100531 665.1001 0.04921074 491.94446 491.94446 
4.100531 665.1001 0.04921074 491.80917 491.80917 
4.120716 706.0573 0.09480087 491.99789 491.99789 
4.124306 88.54572 0.655387 492.22827 492.22827 
4.126247 55.91784 0.7877561 493.41495 493.41495 
4.145484 492.7634 0.2952488 491.81082 491.81082 
4.156318 208.7441 0.2000382 492.98688 492.98688 
4.161079 219.1076 0.1854691 492.60168 492.60168 
4.16657 177.6714 0.304922 492.65829 492.65829 
4.187617 55.91784 0.7872607 493.11334 493.11334 
4.241064 146.3862 0.7358479 491.74615 491.74615 
4.301017 55.91784 0.771213 493.186 493.186 
4.301017 55.91784 0.771213 493.22748 493.22748 
4.334412 95.68843 0.7696811 491.58252 491.58252 
4.408335 218.7473 0.2798985 492.15955 492.15955 
4.446559 55.91784 0.7743341 493.31949 493.31949 
4.483921 211.7236 0.6876883 492.23471 492.23471 
4.592887 56.87362 0.7636293 493.41156 493.41156 
4.902714 328.9569 0.2056544 492.11697 492.11697 
4.949025 87.79251 0.3715 493.88144 493.88144 
5.067891 80.09381 0.5737066 493.13531 493.13531 
5.076984 95.27427 0.7210389 492.51688 492.51688 
5.139426 127.0774 0.41807 492.4621 492.4621 
5.139426 127.0774 0.41807 492.45786 492.45786 
5.229395 50.25134 0.7594392 493.91238 493.91238 
5.518275 52.29951 0.7467422 493.96942 493.96942 
5.558662 136.1977 0.007479235 495.39508 495.39508 
5.581705 109.0018 0.561717 492.72659 492.72659 
5.700091 135.3598 0.3804071 492.4072 492.4072 
5.742705 76.12878 0.4885816 493.26617 493.26617 
5.904304 104.4952 0.5239021 492.68527 492.68527 
6.647617 157.8213 0.7085542 494.28799 494.28799 
6.707134 195.2745 0.06445165 493.34351 493.34351 
7.476204 81.75481 0.4905873 493.68488 493.68488 
7.476204 81.75481 0.4905873 493.72302 493.72302 
7.476204 82.80322 0.4779963 493.68161 493.68161 
7.476204 83.0636 0.4797907 493.78748 493.78748 
7.476204 85.43883 0.4576939 493.38226 493.38226 
7.476204 86.15174 0.4671222 493.50574 493.50574 
7.476204 86.62795 0.4607266 493.61047 493.61047 
7.572063 95.5665 0.2243411 494.09393 494.09393 
8.163183 64.93221 0.4289705 494.50024 494.50024 
9.258336 69.84299 0.007479235 497.7551 497.7551 
9.661226 52.99241 0.2996721 496.21533 496.21533 
9.895563 106.5182 0.4060909 494.64432 494.64432 
9.895563 106.5182 0.4060909 494.63916 494.63916 
